############################################################
# Benchmark Host: moxie
# Number Of Processors: 32
#
# Number Of Scheduled Runs: 1
# Start Time: 02/05/2008 - 03:20:57
############################################################

#    VERTICS      EDGES NPROC BATCH  TIME(Sec) MEDGES/Sec   STEALS ATTEMPTS [Run: 1]

       90000     360000    30     1   0.025600  14.062500      186    47694
       90000     360000    30    10   0.067300   5.349183      110    46206
       90000     360000    30    20   0.066100   5.446293       41    75440
       90000     360000    30    30   0.043100   8.352668        3   109188
       90000     360000    30    40   0.034800  10.344828       28    36991
       90000     360000    30    50   0.024700  14.574899       21    21839
       90000     360000    30    60   0.024000  15.000000       24    39324
       90000     360000    30    70   0.028400  12.676056       19    48683
       90000     360000    30    80   0.034400  10.465116        1    67886
       90000     360000    30    90   0.034600  10.404624        3    56142
       90000     360000    30   100   0.031900  11.285266       21    16703

#    VERTICS      EDGES NPROC BATCH  TIME(Sec) MEDGES/Sec   STEALS ATTEMPTS [Run: 1]

      810000    3240000    30     1   1.577500   2.053883    40876  4191907
      810000    3240000    30    10  21.137600   0.153281    10934  6243527
      810000    3240000    30    20  23.235000   0.139445     6402  7187097
      810000    3240000    30    30  24.241600   0.133655     4377  7368742
      810000    3240000    30    40  23.898700   0.135572     3028  7001605
      810000    3240000    30    50  24.198100   0.133895     2255  6969668
      810000    3240000    30    60   7.824100   0.414105     1687  6214233
      810000    3240000    30    70  10.191300   0.317918     1157  7211747
      810000    3240000    30    80  10.303500   0.314456      892  7029266
      810000    3240000    30    90  10.014400   0.323534      650  5991746
      810000    3240000    30   100  10.041700   0.322655      500  6237154

#    VERTICS      EDGES NPROC BATCH  TIME(Sec) MEDGES/Sec   STEALS ATTEMPTS [Run: 1]

     4410000   17640000    30     1   2.759600   6.392231   246933 10557380
     4410000   17640000    30    10  29.409500   0.599806    63363 13377101
     4410000   17640000    30    20  10.292300   1.713903    42951 14143972
     4410000   17640000    30    30  10.851700   1.625552    30239 13809387
     4410000   17640000    30    40  13.794800   1.278743    23853 15691856
     4410000   17640000    30    50  16.041300   1.099661    19175 16612414
     4410000   17640000    30    60  17.848300   0.988329    15449 17414771
     4410000   17640000    30    70  18.969500   0.929914    12940 17829797
     4410000   17640000    30    80  19.868800   0.887824    10918 18151892
     4410000   17640000    30    90  19.370300   0.910673     9236 17714276
     4410000   17640000    30   100  20.161800   0.874922     7507 17018164

#    VERTICS      EDGES NPROC BATCH  TIME(Sec) MEDGES/Sec   STEALS ATTEMPTS [Run: 1]

     7290000   29160000    30     1  26.773500   1.089137   388566 13749918
     7290000   29160000    30    10  10.614900   2.747082   103946 14000835
     7290000   29160000    30    20  10.030400   2.907162    67151 15853816
     7290000   29160000    30    30  12.007500   2.428482    50703 16610869
     7290000   29160000    30    40  14.918900   1.954568    39546 18411514
     7290000   29160000    30    50  17.398000   1.676055    32397 20170178
     7290000   29160000    30    60  19.643900   1.484430    26829 21220411
     7290000   29160000    30    70  22.560200   1.292542    22166 23045106
     7290000   29160000    30    80  23.768800   1.226818    18837 23241774
     7290000   29160000    30    90  25.065400   1.163357    17142 24439320
     7290000   29160000    30   100  26.339100   1.107099    13428 24561784


############################################################
# End Time: 02/05/2008 - 07:20:59
############################################################
