############################################################
# XWS Random BFS
# Benchmark Host: moxie
# Number Of Processors: 32
#
# Number Of Scheduled Runs: 1
# Start Time: 01/16/2008 - 01:26:43
############################################################
# =================================================================
#   VERTICES      EDGES PROC  TIME(Sec)       EDGES/Sec [Run: 1]
# =================================================================
      100000     400000    1   0.164392      2433206.56
      100000     400000    2   0.134705      2969462.68
      100000     400000    4   0.064545      6197205.04
      100000     400000    8   0.050540      7914445.48
      100000     400000   16   0.028761     13907824.30
      100000     400000   32   0.043546      9185593.98
     1000000    4000000    1   1.933072      2069245.36
     1000000    4000000    2   1.016822      3933826.06
     1000000    4000000    4   0.625853      6391281.68
     1000000    4000000    8   0.361597     11062029.53
     1000000    4000000   16   0.248053     16125599.59
     1000000    4000000   32   0.184063     21731695.71
    10000000   40000000    1  27.762424      1440796.40
    10000000   40000000    2  14.992564      2667989.32
    10000000   40000000    4   8.589353      4656928.32
    10000000   40000000    8   4.798360      8336181.72
    10000000   40000000   16   2.990102     13377469.42
    10000000   40000000   32   2.215559     18054133.47
