############################################################
# Benchmark Host: moxie
# Number Of Processors: 32
#
# Number Of Scheduled Runs: 3
# Start Time: 01/17/2008 - 04:21:38
############################################################
#
# Run: 1
#

# ===========================================================================
# [Run: 1] (Timings[COLS 4/8]: Seconds)
#   VERTICES      EDGES PROC      DFS[Torus]       EDGES/Sec
# ===========================================================================

       90000     360000    1        0.053785      6693315.98
       90000     360000    2        0.026162     13760415.87
       90000     360000    4        0.023153     15548740.98
       90000     360000    8        0.009947     36191816.63
       90000     360000   16        0.011551     31166132.80
       90000     360000   32        0.099691      3611158.48
      810000    3240000    1        0.793431      4083530.89
      810000    3240000    2        0.395216      8198048.66
      810000    3240000    4        0.373540      8673769.88
      810000    3240000    8        0.179201     18080256.25
      810000    3240000   16        0.092053     35197114.71
      810000    3240000   32        0.110360     29358463.21
     7290000   29160000    1        9.738008      2994452.25
     7290000   29160000    2        4.403367      6622205.24
     7290000   29160000    4        4.307305      6769894.40
     7290000   29160000    8        4.389137      6643675.06
     7290000   29160000   16        1.125727     25903260.74
     7290000   29160000   32        0.719954     40502587.67

# ===========================================================================
# [Run: 2] (Timings[COLS 4/8]: Seconds)
#   VERTICES      EDGES PROC      DFS[Torus]       EDGES/Sec
# ===========================================================================

       90000     360000    1        0.053527      6725577.75
       90000     360000    2        0.026688     13489208.63
       90000     360000    4        0.024477     14707684.77
       90000     360000    8        0.011770     30586236.19
       90000     360000   16        0.011875     30315789.47
       90000     360000   32        0.099872      3604613.91
      810000    3240000    1        0.789608      4103301.89
      810000    3240000    2        0.395422      8193777.79
      810000    3240000    4        0.375354      8631851.53
      810000    3240000    8        0.187010     17325276.72
      810000    3240000   16        0.087901     36859648.92
      810000    3240000   32        0.116384     27838878.20
     7290000   29160000    1        9.748213      2991317.49
     7290000   29160000    2        4.414733      6605155.96
     7290000   29160000    4        4.299998      6781398.50
     7290000   29160000    8        4.425181      6589560.97
     7290000   29160000   16        1.096461     26594653.16
     7290000   29160000   32        0.667815     43664787.40

# ===========================================================================
# [Run: 3] (Timings[COLS 4/8]: Seconds)
#   VERTICES      EDGES PROC      DFS[Torus]       EDGES/Sec
# ===========================================================================

       90000     360000    1        0.054318      6627637.25
       90000     360000    2        0.027062     13302786.19
       90000     360000    4        0.024486     14702278.85
       90000     360000    8        0.010554     34110289.94
       90000     360000   16        0.011472     31380753.14
       90000     360000   32        0.099459      3619581.94
      810000    3240000    1        0.788314      4110037.37
      810000    3240000    2        0.394532      8212261.62
      810000    3240000    4        0.379445      8538786.91
      810000    3240000    8        0.181996     17802589.07
      810000    3240000   16        0.091623     35362299.86
      810000    3240000   32        0.108008     29997777.94
     7290000   29160000    1        9.734616      2995495.66
     7290000   29160000    2        4.398024      6630250.31
     7290000   29160000    4        4.308153      6768561.84
     7290000   29160000    8        4.370323      6672275.71
     7290000   29160000   16        1.108125     26314720.81
     7290000   29160000   32        0.711343     40992882.48
