############################################################
# Benchmark Host: moxie
# Number Of Processors: 32
#
# Number Of Scheduled Runs: 1
# Start Time: 02/17/2008 - 09:14:31
############################################################


#    VERTICS      EDGES PROCS  TIME(Sec) MEDGES/Sec [Run: 1]



      250000    1000000     1   0.157768   6.338421
      250000    1000000     2   0.091367  10.944871
      250000    1000000     4   0.132854   7.527060
      250000    1000000     8   0.116088   8.614155
      250000    1000000    16   0.159346   6.275652
      250000    1000000    20   0.120333   8.310272
      250000    1000000    24   0.146441   6.828689
      250000    1000000    30   0.148428   6.737273
      250000    1000000    32   0.141558   7.064242


     1000000    4000000     1   1.142837   3.500062
     1000000    4000000     2   0.605301   6.608282
     1000000    4000000     4   0.375704  10.646679
     1000000    4000000     8   0.317903  12.582454
     1000000    4000000    16   0.413058   9.683870
     1000000    4000000    20   0.341612  11.709191
     1000000    4000000    24   0.360009  11.110833
     1000000    4000000    30   0.354318  11.289294
     1000000    4000000    32   0.406492   9.840292


     4000000   16000000     1   5.896778   2.713346
     4000000   16000000     2   2.984650   5.360763
     4000000   16000000     4   1.640088   9.755574
     4000000   16000000     8   1.110863  14.403216
     4000000   16000000    16   0.897781  17.821718
     4000000   16000000    20   0.795983  20.100932
     4000000   16000000    24   0.945826  16.916431
     4000000   16000000    30   0.842144  18.999126
     4000000   16000000    32   0.807244  19.820525


     9000000   36000000     1  14.230522   2.529774
     9000000   36000000     2   7.167558   5.022631
     9000000   36000000     4   3.790941   9.496323
     9000000   36000000     8   2.316329  15.541834
     9000000   36000000    16   1.620987  22.208691
     9000000   36000000    20   1.521561  23.659912
     9000000   36000000    24   1.393401  25.836066
     9000000   36000000    30   1.461388  24.634115
     9000000   36000000    32   1.355629  26.555938


############################################################
# End Time: 02/17/2008 - 09:34:47
############################################################
