XWS							

############################################################							
#	Benchmark	Host:	r28n01.pbm.ihost.com				
#	Number	Of	Processors:	64			
#	Usable	Physical	Memory:	513792	MBytes		
#	SMT	Enabled:	FALSE				
#	SMT	Threads:	2				
#							
#	Number	Of	Scheduled	Runs:	1		
#	Start	Time:	1/14/2008	-	5:34:30		
############################################################							
#	=================================================================						
#	VERTICES	EDGES	PROC	TIME(Sec)	EDGES/Sec	[Run:	1]
#	=================================================================						XWS	Cilk
	90000	360000	1	0.04796	7506285.42		7.51	27.89
	90000	360000	2	0.568865	632838.69		0.63	18.45
	90000	360000	4	1.173973	306651.12		0.31	16.01
	90000	360000	8	1.852768	194303.85		0.19	14.38
	90000	360000	16	0.741972	485193.19		0.49	12.16
	90000	360000	32	0.996011	361441.8		0.36	19.32
	90000	360000	64	1.60274	224615.33		0.22	25.85
	810000	3240000	1	0.547609	5916629.64		5.92	10.48
	810000	3240000	2	6.437769	503279.94		0.50	15.91
	810000	3240000	4	1.403894	2307866.47		2.31	19.81
	810000	3240000	8	2.222819	1457608.56		1.46	21.77
	810000	3240000	16	1.457456	2223051.88		2.22	13.67
	810000	3240000	32	1.636159	1980248.15		1.98	9.81
	810000	3240000	64	2.182136	1484783.92		1.48	8.86

Cilk								

############################################################								
#	Benchmark	Host:	r28n01.pbm.ihost.com					
#	Number	Of	Processors:	64				
#	Usable	Physical	Memory:	513792	MBytes			
#	SMT	Enabled:	FALSE					
#	SMT	Threads:	2					
#								
#	Number	Of	Scheduled	Runs:	3			
#	Start	Time:	1/11/2008	-	2:24:23			
############################################################								


#	VERTICS	EDGES	PARTS	PROCS	TIME(Sec)	EDGES/Sec	[Run:	1]

	90000	360000	64	1	0.012906	27894002.79	27.89		27.89
	90000	360000	64	2	0.020825	17286914.77	17.29		18.45
	90000	360000	64	4	0.022738	15832527.05	15.83		16.01
	90000	360000	64	8	0.025582	14072394.65	14.07		14.38
	90000	360000	64	16	0.030015	11994003	11.99		12.16
	90000	360000	64	32	0.018636	19317450.1	19.32		19.32
	90000	360000	64	64	0.013924	25854639.47	25.85		25.85
	810000	3240000	64	1	0.309097	10482146.38	10.48		10.48
	810000	3240000	64	2	0.21539	15042481.08	15.04		15.91
	810000	3240000	64	4	0.16659	19448946.52	19.45		19.81
	810000	3240000	64	8	0.149625	21654135.34	21.65		21.77
	810000	3240000	64	16	0.241758	13401831.58	13.40		13.67
	810000	3240000	64	32	0.362942	8927046.19	8.93		9.81
	810000	3240000	64	64	0.369649	8765071.73	8.77		8.86
	7290000	29160000	64	1	4.802021	6072443.25	6.07		6.07
	7290000	29160000	64	2	2.67316	10908437.95	10.91		11.02
	7290000	29160000	64	4	1.576928	18491649.59	18.49		18.71
	7290000	29160000	64	8	1.017643	28654449.55	28.65		29.03
	7290000	29160000	64	16	1.112632	26208126.32	26.21		26.39
	7290000	29160000	64	32	1.931188	15099513.87	15.10		15.10
	7290000	29160000	64	64	2.725365	10699484.29	10.70		10.70
	90000	360000	128	1	0.013366	26934011.67	26.93		26.93
	90000	360000	128	2	0.020193	17827960.18	17.83		
	90000	360000	128	4	0.023032	15630427.23	15.63		
	90000	360000	128	8	0.026346	13664313.37	13.66		
	90000	360000	128	16	0.029967	12013214.54	12.01		
	90000	360000	128	32	0.022849	15755612.94	15.76		
	90000	360000	128	64	0.024902	14456670.15	14.46		
	810000	3240000	128	1	0.33171	9767568.06	9.77		
	810000	3240000	128	2	0.219805	14740338.03	14.74		
	810000	3240000	128	4	0.173898	18631611.63	18.63		
	810000	3240000	128	8	0.155483	20838291	20.84		
	810000	3240000	128	16	0.246227	13158589.43	13.16	
	810000	3240000	128	32	0.395916	8183554.09	8.18	
	810000	3240000	128	64	0.3914	8277976.49	8.28	
	7290000	29160000	128	1	4.916257	5931341.67	5.93	
	7290000	29160000	128	2	2.767674	10535922.94	10.54	
	7290000	29160000	128	4	1.651133	17660600.33	17.66	
	7290000	29160000	128	8	1.055127	27636483.57	27.64	
	7290000	29160000	128	16	1.14162	25542649.92	25.54	
	7290000	29160000	128	32	1.975254	14762658.37	14.76	
	7290000	29160000	128	64	2.740998	10638460.88	10.64	
							0.00	
							0.00	
#	VERTICS	EDGES	PARTS	PROCS	TIME(Sec)	EDGES/Sec	#VALUE!	2]
							0.00	
	90000	360000	64	1	0.015368	23425299.32	23.43	
	90000	360000	64	2	0.020867	17252120.57	17.25	
	90000	360000	64	4	0.022811	15781859.63	15.78
	90000	360000	64	8	0.025544	14093329.16	14.09
	90000	360000	64	16	0.029615	12156002.03	12.16
	90000	360000	64	32	0.019616	18352365.42	18.35
	90000	360000	64	64	0.023572	15272357.03	15.27
	810000	3240000	64	1	0.309087	10482485.51	10.48
	810000	3240000	64	2	0.20359	15914337.64	15.91
	810000	3240000	64	4	0.167002	19400965.26	19.40
	810000	3240000	64	8	0.148804	21773608.24	21.77
	810000	3240000	64	16	0.237072	13666734.16	13.67
	810000	3240000	64	32	0.369521	8768107.9	8.77
	810000	3240000	64	64	0.367562	8814839.4	8.81
	7290000	29160000	64	1	4.847399	6015597.23	6.02
	7290000	29160000	64	2	2.645488	11022541.02	11.02
	7290000	29160000	64	4	1.558618	18708881.84	18.71
	7290000	29160000	64	8	1.005685	28995162.5	29.00
	7290000	29160000	64	16	1.11282	26203698.71	26.20
	7290000	29160000	64	32	3.190062	9140888.17	9.14
	7290000	29160000	64	64	2.779472	10491201.21	10.49
	90000	360000	128	1	0.014118	25499362.52	25.50
	90000	360000	128	2	0.019697	18276894.96	18.28
	90000	360000	128	4	0.023094	15588464.54	15.59
	90000	360000	128	8	0.02503	14382740.71	14.38
	90000	360000	128	16	0.031167	11550678.6	11.55
	90000	360000	128	32	0.023287	15459269.12	15.46
	90000	360000	128	64	0.110834	3248100.76	3.25
	810000	3240000	128	1	0.330302	9809204.91	9.81
	810000	3240000	128	2	0.21914	14785068.91	14.79
	810000	3240000	128	4	0.175846	18425212.97	18.43
	810000	3240000	128	8	0.153346	21128689.37	21.13
	810000	3240000	128	16	0.243178	13323573.68	13.32
	810000	3240000	128	32	0.393734	8228905.81	8.23
	810000	3240000	128	64	0.391021	8285999.98	8.29	
	7290000	29160000	128	1	4.973798	5862723.01	5.86	
	7290000	29160000	128	2	2.786472	10464845.87	10.46	
	7290000	29160000	128	4	1.649486	17678234.31	17.68	
	7290000	29160000	128	8	1.064313	27397955.3	27.40	
	7290000	29160000	128	16	1.141154	25553080.48	25.55	
	7290000	29160000	128	32	1.959083	14884514.85	14.88	
	7290000	29160000	128	64	2.777132	10500041.05	10.50	
							0.00	
							0.00	
#	VERTICS	EDGES	PARTS	PROCS	TIME(Sec)	EDGES/Sec	#VALUE!	3]
							0.00	
	90000	360000	64	1	0.013998	25717959.71	25.72	
	90000	360000	64	2	0.019938	18055973.52	18.06	
	90000	360000	64	4	0.022487	16009249.79	16.01	
	90000	360000	64	8	0.02608	13803680.98	13.80	
	90000	360000	64	16	0.030411	11837821.84	11.84
	90000	360000	64	32	0.019999	18000900.05	18.00
	90000	360000	64	64	0.03239	11114541.53	11.11
	810000	3240000	64	1	0.309961	10452927.95	10.45
	810000	3240000	64	2	0.20851	15538823.08	15.54
	810000	3240000	64	4	0.163553	19810092.14	19.81
	810000	3240000	64	8	0.149119	21727613.52	21.73
	810000	3240000	64	16	0.239867	13507485.4	13.51
	810000	3240000	64	32	0.330338	9808135.91	9.81
	810000	3240000	64	64	0.365867	8855677.06	8.86
	7290000	29160000	64	1	5.015085	5814457.78	5.81
	7290000	29160000	64	2	2.784544	10472091.66	10.47
	7290000	29160000	64	4	1.589126	18349709.21	18.35
	7290000	29160000	64	8	1.004424	29031564.36	29.03
	7290000	29160000	64	16	1.105116	26386370.3	26.39
	7290000	29160000	64	32	3.087727	9443840.08	9.44
	7290000	29160000	64	64	2.730989	10677450.55	10.68
	90000	360000	128	1	0.015248	23609653.73	23.61
	90000	360000	128	2	0.019514	18448293.53	18.45
	90000	360000	128	4	0.02344	15358361.77	15.36
	90000	360000	128	8	0.025776	13966480.45	13.97
	90000	360000	128	16	0.029739	12105316.25	12.11
	90000	360000	128	32	0.02282	15775635.41	15.78
	90000	360000	128	64	0.014951	24078656.95	24.08
	810000	3240000	128	1	0.339475	9544149.05	9.54
	810000	3240000	128	2	0.221791	14608347.5	14.61
	810000	3240000	128	4	0.175319	18480598.22	18.48
	810000	3240000	128	8	0.154167	21016170.78	21.02
	810000	3240000	128	16	0.246751	13130645.87	13.13
	810000	3240000	128	32	0.395542	8191291.95	8.19
	810000	3240000	128	64	0.388965	8329798.31	8.33
	7290000	29160000	128	1	5.252892	5551227.78	5.55
	7290000	29160000	128	2	2.754363	10586839.86	10.59
	7290000	29160000	128	4	1.631654	17871435.98	17.87
	7290000	29160000	128	8	1.070544	27238488.1	27.24
	7290000	29160000	128	16	1.117982	26082709.74	26.08
	7290000	29160000	128	32	1.977555	14745481.16	14.75
	7290000	29160000	128	64	2.78862	10456785.08	10.46
