############################################################
# Benchmark Host: moxie
# Number Of Processors: 32
#
# Number Of Scheduled Runs: 1
# Start Time: 02/05/2008 - 03:20:57
############################################################

#    VERTICS      EDGES NPROC BATCH  TIME(Sec) MEDGES/Sec   STEALS ATTEMPTS [Run: 1]

       90000     360000     1     1   0.081000   4.444444        0        0
       90000     360000     2     1   0.676000   0.532544      263     2382
       90000     360000     4     1   0.041100   8.759124       90     2257
       90000     360000     8     1   0.047000   7.659574       30    18564
       90000     360000    16     1   0.095600   3.765690      996    87382
       90000     360000    20     1   0.030200  11.920530      341    28580
       90000     360000    24     1   0.203100   1.772526      552   152558
       90000     360000    30     1   0.189500   1.899736      769   251601
       90000     360000    32     1   0.383900   0.937744      541   458121

#    VERTICS      EDGES NPROC BATCH  TIME(Sec) MEDGES/Sec   STEALS ATTEMPTS [Run: 1]

      810000    3240000     1     1   0.640300   5.060128        0        0
      810000    3240000     2     1   2.649300   1.222965     1592     9004
      810000    3240000     4     1   1.510100   2.145553    38959   203376
      810000    3240000     8     1   1.181000   2.743438    49089   461374
      810000    3240000    16     1   1.054300   3.073129    50440  1432282
      810000    3240000    20     1   1.185100   2.733947    46319  2135357
      810000    3240000    24     1   1.402300   2.310490    41404  2794498
      810000    3240000    30     1   1.532500   2.114192    40564  4049629
      810000    3240000    32     1   1.574000   2.058450    40997  4523640

#    VERTICS      EDGES NPROC BATCH  TIME(Sec) MEDGES/Sec   STEALS ATTEMPTS [Run: 1]

     4410000   17640000     1     1   3.418200   5.160611        0        0
     4410000   17640000     2     1  12.076300   1.460712   260428   542802
     4410000   17640000     4     1   3.173500   5.558532   204088   715156
     4410000   17640000     8     1   2.668400   6.610703   223378  1375889
     4410000   17640000    16     1   2.009500   8.778303   251524  3808928
     4410000   17640000    20     1   2.038900   8.651724   237076  5165331
     4410000   17640000    24     1   2.307900   7.643312   233688  6956828
     4410000   17640000    30     1   2.782800   6.338939   237961 10327848
     4410000   17640000    32     1   2.899600   6.083598   246052 11575291

#    VERTICS      EDGES NPROC BATCH  TIME(Sec) MEDGES/Sec   STEALS ATTEMPTS [Run: 1]

     7290000   29160000     1     1   5.678200   5.135430        0        0
     7290000   29160000     2     1  13.285800   2.194825   304896   634546
     7290000   29160000     4     1   4.801200   6.073482   327137  1103242
     7290000   29160000     8     1   3.313000   8.801690   336671  1904957
     7290000   29160000    16     1   2.540700  11.477152   382070  4880589
     7290000   29160000    20     1   2.438300  11.959152   373884  6929733
     7290000   29160000    24     1   2.689600  10.841761   371709  9244519
     7290000   29160000    30     1  27.886000   1.045686   371895 14865479
     7290000   29160000    32     1  27.178300   1.072915   370730 15867915


############################################################
# End Time: 02/05/2008 - 07:20:59
############################################################
