XWS
# =================================================================
#   VERTICES      EDGES PROC  TIME(Sec)       EDGES/Sec [Run: 3]
# =================================================================
      100000     400000    1   0.750850       .53
      100000     400000    2   0.391147      1.02
      100000     400000    4   0.200517      1.99
      100000     400000    8   0.109658      3.65
      100000     400000   16   0.068404      5.85
      100000     400000   32   0.555635       .72
     1000000    4000000    1  12.124412       .33
     1000000    4000000    2   6.215792       .64
     1000000    4000000    4   2.778400      1.44
     1000000    4000000    8   1.709396      2.34
     1000000    4000000   16   0.964138      4.15
     1000000    4000000   32   1.217631      3.29
    10000000   40000000    1 140.246530       .29
    10000000   40000000    2  72.312654       .55
    10000000   40000000    4  32.199824      1.24
    10000000   40000000    8  19.914174      2.01
    10000000   40000000   16   9.866575      4.05
    10000000   40000000   32   8.958185      4.46
C
############################################################
# Benchmark Host: moxie
# Number Of Processors: 32
#
# Number Of Scheduled Runs: 3
# Start Time: 01/17/2008 - 05:01:29
############################################################
#
# Run: 1
#
# ===========================================================================
# [Run: 1] (Timings[COLS 4/8]: Seconds)
#   VERTICES      EDGES PROC      SV[KGraph]       EDGES/Sec
# ===========================================================================

      100000     400000    1        0.342710      1.17
      100000     400000    2        0.203213      1.97
      100000     400000    4        0.095265      4.20
      100000     400000    8        0.055680      7.18
      100000     400000   16        0.049430      8.09
      100000     400000   32        0.041524      9.63
     1000000    4000000    1        5.011766       .80
     1000000    4000000    2        4.923523       .81
     1000000    4000000    4        1.642728      2.43
     1000000    4000000    8        0.936133      4.27
     1000000    4000000   16        0.552423      7.24
     1000000    4000000   32        0.476899      8.39
    10000000   40000000    1      106.644577       .38
    10000000   40000000    2       56.479984       .71
    10000000   40000000    4       34.375091      1.16
    10000000   40000000    8       19.270410      2.08
    10000000   40000000   16        9.573756      4.18
    10000000   40000000   32        7.446112      5.37

