############################################################
# Benchmark Host: v20n26.pbm.ihost.com
# Number Of Processors: 16
#
# Number Of Scheduled Runs: 3
# Start Time: 02/25/2008 - 01:42:41
############################################################


#    VERTICS      EDGES PROCS  TIME(Sec) MEDGES/Sec [Run: 1]



      250000    1000000     1   0.146569   6.822725
      250000    1000000     2   0.089883  11.125574
      250000    1000000     4   0.051734  19.329648
      250000    1000000     6   0.049574  20.171864
      250000    1000000     8   0.061171  16.347616
      250000    1000000    10   0.058833  16.997263
      250000    1000000    12   0.062375  16.032064
      250000    1000000    14   0.064051  15.612559
      250000    1000000    16   0.045831  21.819293


     1000000    4000000     1   1.031578   3.877555
     1000000    4000000     2   0.548173   7.296966
     1000000    4000000     4   0.292703  13.665729
     1000000    4000000     6   0.217875  18.359151
     1000000    4000000     8   0.231253  17.297073
     1000000    4000000    10   0.241173  16.585605
     1000000    4000000    12   0.249003  16.064063
     1000000    4000000    14   0.249275  16.046535
     1000000    4000000    16   0.190647  20.981185


#    VERTICS      EDGES PROCS  TIME(Sec) MEDGES/Sec [Run: 2]



      250000    1000000     1   0.147819   6.765030
      250000    1000000     2   0.087742  11.397050
      250000    1000000     4   0.052071  19.204548
      250000    1000000     6   0.054693  18.283875
      250000    1000000     8   0.061791  16.183587
      250000    1000000    10   0.062935  15.889410
      250000    1000000    12   0.063733  15.690459
      250000    1000000    14   0.064300  15.552100
      250000    1000000    16   0.046205  21.642679


     1000000    4000000     1   1.031357   3.878385
     1000000    4000000     2   0.552333   7.242008
     1000000    4000000     4   0.285957  13.988117
     1000000    4000000     6   0.205404  19.473817
     1000000    4000000     8   0.215401  18.570016
     1000000    4000000    10   0.238491  16.772121
     1000000    4000000    12   0.248538  16.094118
     1000000    4000000    14   0.250408  15.973931
     1000000    4000000    16   0.190927  20.950416


#    VERTICS      EDGES PROCS  TIME(Sec) MEDGES/Sec [Run: 3]



      250000    1000000     1   0.148273   6.744316
      250000    1000000     2   0.089627  11.157352
      250000    1000000     4   0.051272  19.503823
      250000    1000000     6   0.047779  20.929697
      250000    1000000     8   0.057861  17.282798
      250000    1000000    10   0.059443  16.822839
      250000    1000000    12   0.064430  15.520720
      250000    1000000    14   0.064236  15.567594
      250000    1000000    16   0.046054  21.713641


     1000000    4000000     1   1.027533   3.892819
     1000000    4000000     2   0.544569   7.345258
     1000000    4000000     4   0.292017  13.697833
     1000000    4000000     6   0.213835  18.706012
     1000000    4000000     8   0.234075  17.088540
     1000000    4000000    10   0.242144  16.519096
     1000000    4000000    12   0.247143  16.184962
     1000000    4000000    14   0.249964  16.002304
     1000000    4000000    16   0.191349  20.904212


############################################################
# End Time: 02/25/2008 - 01:45:46
############################################################
