############################################################
# Benchmark Host: v20n179.pbm.ihost.com
# Number Of Processors: 16
# Usable Physical Memory: 63488 MBytes
# SMT Enabled: false
# SMT Threads: 2
#
# Number Of Scheduled Runs: 5
# Start Time: 10/06/2007 - 12:25:00
############################################################

# =================================================================
#   VERTICES      EDGES PROC  TIME(Sec)       EDGES/Sec [Run: 1]
# =================================================================

     5000000   20000000    1  12.801000      1562377.94
     5000000   20000000    2   6.578000      3040437.82
     5000000   20000000    3   4.433000      4511617.41
     5000000   20000000    4   3.297000      6066120.72
     5000000   20000000    5   2.610000      7662835.25
     5000000   20000000    6   2.176000      9191176.47
     5000000   20000000    7   1.845000     10840108.40
     5000000   20000000    8   1.596000     12531328.32
     5000000   20000000    9   1.433000     13956734.12
     5000000   20000000   10   1.285000     15564202.33
     5000000   20000000   11   1.175000     17021276.60
     5000000   20000000   12   1.074000     18621973.93
     5000000   20000000   13   0.997000     20060180.54
     5000000   20000000   14   0.928000     21551724.14
     5000000   20000000   15   0.869000     23014959.72
     5000000   20000000   16   0.812000     24630541.87

# =================================================================
#   VERTICES      EDGES PROC  TIME(Sec)       EDGES/Sec [Run: 1]
# =================================================================

     6000000   24000000    1  15.978000      1502065.34
     6000000   24000000    2   8.165000      2939375.38
     6000000   24000000    3   5.410000      4436229.21
     6000000   24000000    4   4.048000      5928853.75
     6000000   24000000    5   3.190000      7523510.97
     6000000   24000000    6   2.679000      8958566.63
     6000000   24000000    7   2.267000     10586678.43
     6000000   24000000    8   1.974000     12158054.71
     6000000   24000000    9   1.764000     13605442.18
     6000000   24000000   10   1.587000     15122873.35
     6000000   24000000   11   1.445000     16608996.54
     6000000   24000000   12   1.323000     18140589.57
     6000000   24000000   13   1.232000     19480519.48
     6000000   24000000   14   1.143000     20997375.33
     6000000   24000000   15   1.069000     22450888.68
     6000000   24000000   16   0.980000     24489795.92

# =================================================================
#   VERTICES      EDGES PROC  TIME(Sec)       EDGES/Sec [Run: 1]
# =================================================================

     7000000   28000000    1  18.870000      1483836.78
     7000000   28000000    2   9.612000      2913025.38
     7000000   28000000    3   6.528000      4289215.69
     7000000   28000000    4   4.811000      5819995.84
     7000000   28000000    5   3.821000      7327924.63
     7000000   28000000    6   3.172000      8827238.34
     7000000   28000000    7   2.720000     10294117.65
     7000000   28000000    8   2.361000     11859381.62
     7000000   28000000    9   2.114000     13245033.11
     7000000   28000000   10   1.899000     14744602.42
     7000000   28000000   11   1.735000     16138328.53
     7000000   28000000   12   1.599000     17510944.34
     7000000   28000000   13   1.477000     18957345.97
     7000000   28000000   14   1.365000     20512820.51
     7000000   28000000   15   1.283000     21823850.35
     7000000   28000000   16   1.200000     23333333.33

# =================================================================
#   VERTICES      EDGES PROC  TIME(Sec)       EDGES/Sec [Run: 1]
# =================================================================

     8000000   32000000    1  21.356000      1498407.94
     8000000   32000000    2  11.082000      2887565.42
     8000000   32000000    3   7.505000      4263824.12
     8000000   32000000    4   5.569000      5746094.45
     8000000   32000000    5   4.401000      7271074.76
     8000000   32000000    6   3.737000      8563018.46
     8000000   32000000    7   3.140000     10191082.80
     8000000   32000000    8   2.728000     11730205.28
     8000000   32000000    9   2.464000     12987012.99
     8000000   32000000   10   2.254000     14196983.14
     8000000   32000000   11   2.041000     15678588.93
     8000000   32000000   12   1.859000     17213555.68
     8000000   32000000   13   1.747000     18317115.05
     8000000   32000000   14   5.407000      5918254.12
     8000000   32000000   15   1.519000     21066491.11
     8000000   32000000   16   1.428000     22408963.59

# =================================================================
#   VERTICES      EDGES PROC  TIME(Sec)       EDGES/Sec [Run: 1]
# =================================================================

     9000000   36000000    1  24.691000      1458021.14
     9000000   36000000    2  12.556000      2867155.14
     9000000   36000000    3   8.456000      4257332.07
     9000000   36000000    4   6.331000      5686305.48
     9000000   36000000    5   5.056000      7120253.16
     9000000   36000000    6   4.200000      8571428.57
     9000000   36000000    7   3.574000     10072747.62
     9000000   36000000    8   3.116000     11553273.43
     9000000   36000000    9   2.795000     12880143.11
     9000000   36000000   10   2.538000     14184397.16
     9000000   36000000   11   2.296000     15679442.51
     9000000   36000000   12   2.124000     16949152.54
     9000000   36000000   13   1.951000     18452075.86
     9000000   36000000   14   1.818000     19801980.20
     9000000   36000000   15   1.694000     21251475.80
     9000000   36000000   16   1.607000     22401991.29
