XWS
############################################################
# Benchmark Host: altair
# Number Of Processors: 8
#
# Number Of Scheduled Runs: 3
# Start Time: 01/17/2008 - 02:35:33
############################################################
#
# Run: 1
#
# =================================================================
#   VERTICES      EDGES PROC  TIME(Sec)       EDGES/Sec [Run: 1]
# =================================================================
      100000     400000    1   0.082786      4831743.76
      100000     400000    2   0.106995      3738494.34
      100000     400000    4   0.054939      7280769.48
      100000     400000    8   0.030314     13195383.95
     1000000    4000000    1   1.068633      3743099.37
     1000000    4000000    2   0.633319      6315932.65
     1000000    4000000    4   0.408802      9784687.30
     1000000    4000000    8   0.271372     14739892.65
     5000000   20000000    1   7.450000      2684563.63
     5000000   20000000    2   4.141754      4828872.30
     5000000   20000000    4   2.427801      8237906.80
     5000000   20000000    8   1.385214     14438203.74
    10000000   40000000    1  14.018800      2853311.34
    10000000   40000000    2   7.940768      5037296.18
    10000000   40000000    4   4.136144      9670843.40
    10000000   40000000    8   2.456196     16285346.39
# =================================================================
#   VERTICES      EDGES PROC  TIME(Sec)       EDGES/Sec [Run: 2]
# =================================================================
      100000     400000    1   0.095400      4192865.39
      100000     400000    2   0.114973      3479090.10
      100000     400000    4   0.051999      7692430.48
      100000     400000    8   0.031647     12639237.39
     1000000    4000000    1   1.150654      3476283.77
     1000000    4000000    2   0.633903      6310118.50
     1000000    4000000    4   0.392871     10181460.17
     1000000    4000000    8   0.222211     18000907.51
     5000000   20000000    1   7.450000      2684563.63
     5000000   20000000    2   4.141754      4828872.30
     5000000   20000000    4   2.427801      8237906.80
     5000000   20000000    8   1.385214     14438203.74
    10000000   40000000    1  14.228104      2811337.39
    10000000   40000000    2   7.940768      5037296.18
    10000000   40000000    4   4.257292      9395643.11
    10000000   40000000    8   2.456196     16285346.39
# =================================================================
#   VERTICES      EDGES PROC  TIME(Sec)       EDGES/Sec [Run: 3]
# =================================================================
      100000     400000    1   0.082660      4839113.16
      100000     400000    2   0.105298      3798760.08
      100000     400000    4   0.052551      7611682.99
      100000     400000    8   0.035188     11367481.93
     1000000    4000000    1   1.157237      3456507.99
     1000000    4000000    2   0.639363      6256227.82
     1000000    4000000    4   0.419871      9526733.91
     1000000    4000000    8   0.259717     15401406.95
     5000000   20000000    1   7.398491      2703253.78
     5000000   20000000    2   4.165587      4801243.90
     5000000   20000000    4   2.324626      8603535.10
     5000000   20000000    8   1.355724     14752261.18
    10000000   40000000    1  13.862871      2885405.13
    10000000   40000000    2   7.940768      5037296.18
    10000000   40000000    4   4.509383      8870392.57
    10000000   40000000    8   2.456196     16285346.39

Cilk
############################################################
# Benchmark Host: altair
# Number Of Processors: 8
#
# Number Of Scheduled Runs: 3
# Start Time: 01/11/2008 - 02:35:59
############################################################


#    VERTICS      EDGES PARTS PROCS  TIME(Sec)       EDGES/Sec [Run: 1]

      100000     400000    64     1   0.032118     12454075.60
      100000     400000    64     2   0.029645     13493000.51
      100000     400000    64     4   0.028705     13934854.55
      100000     400000    64     8   0.035756     11186933.66
     1000000    4000000    64     1   0.586860      6815935.66
     1000000    4000000    64     2   0.361380     11068681.17
     1000000    4000000    64     4   0.308533     12964577.53
     1000000    4000000    64     8   0.276439     14469738.35
     5000000   20000000    64     1   3.577927      5589828.97
     5000000   20000000    64     2   2.103841      9506421.83
     5000000   20000000    64     4   1.481113     13503358.62
     5000000   20000000    64     8   1.489677     13425729.20
    10000000   40000000    64     1   8.448258      4734703.89
    10000000   40000000    64     2   4.944389      8089978.36
    10000000   40000000    64     4   3.274624     12215142.87
    10000000   40000000    64     8   3.023020     13231801.31
      100000     400000   128     1   0.033044     12105072.03
      100000     400000   128     2   0.029078     13756104.27
      100000     400000   128     4   0.033223     12039851.91
      100000     400000   128     8   0.024976     16015374.76
     1000000    4000000   128     1   0.574775      6959244.92
     1000000    4000000   128     2   0.359500     11126564.67
     1000000    4000000   128     4   0.294002     13605349.62
     1000000    4000000   128     8   0.275139     14538106.19
     5000000   20000000   128     1   3.589330      5572070.55
     5000000   20000000   128     2   2.130570      9387159.30
     5000000   20000000   128     4   1.454731     13748246.24
     5000000   20000000   128     8   1.437876     13909405.26
    10000000   40000000   128     1   8.664975      4616285.68
    10000000   40000000   128     2   5.015176      7975791.88
    10000000   40000000   128     4   3.261865     12262923.20
    10000000   40000000   128     8   3.089903     12945390.20


#    VERTICS      EDGES PARTS PROCS  TIME(Sec)       EDGES/Sec [Run: 2]

      100000     400000    64     1   0.032688     12236906.51
      100000     400000    64     2   0.026234     15247388.88
      100000     400000    64     4   0.031959     12516036.17
      100000     400000    64     8   0.037247     10739119.93
     1000000    4000000    64     1   0.573291      6977259.37
     1000000    4000000    64     2   0.355704     11245305.09
     1000000    4000000    64     4   0.308665     12959033.26
     1000000    4000000    64     8   0.298016     13422098.14
     5000000   20000000    64     1   3.577927      5589828.97
     5000000   20000000    64     2   2.103841      9506421.83
     5000000   20000000    64     4   1.481113     13503358.62
     5000000   20000000    64     8   1.489677     13425729.20
    10000000   40000000    64     1   8.564464      4670461.57
    10000000   40000000    64     2   5.274050      7584304.28
    10000000   40000000    64     4   3.343751     11962613.24
    10000000   40000000    64     8   3.139060     12742668.19
      100000     400000   128     1   0.033134     12072191.71
      100000     400000   128     2   0.027256     14675667.74
      100000     400000   128     4   0.031230     12808197.25
      100000     400000   128     8   0.036903     10839227.16
     1000000    4000000   128     1   0.578516      6914242.65
     1000000    4000000   128     2   0.347954     11495772.43
     1000000    4000000   128     4   0.285479     14011538.50
     1000000    4000000   128     8   0.298722     13390376.34
     5000000   20000000   128     1   3.589330      5572070.55
     5000000   20000000   128     2   2.130570      9387159.30
     5000000   20000000   128     4   1.454731     13748246.24
     5000000   20000000   128     8   1.437876     13909405.26
    10000000   40000000   128     1   8.590424      4656347.58
    10000000   40000000   128     2   4.856474      8236428.32
    10000000   40000000   128     4   3.261442     12264513.67
    10000000   40000000   128     8   3.126625     12793347.46


#    VERTICS      EDGES PARTS PROCS  TIME(Sec)       EDGES/Sec [Run: 3]

      100000     400000    64     1   0.032228     12411567.58
      100000     400000    64     2   0.023242     17210222.87
      100000     400000    64     4   0.037636     10628122.01
      100000     400000    64     8   0.026593     15041552.29
     1000000    4000000    64     1   0.587229      6811652.69
     1000000    4000000    64     2   0.385216     10383784.68
     1000000    4000000    64     4   0.292681     13666756.64
     1000000    4000000    64     8   0.280612     14254557.89
     5000000   20000000    64     1   3.703997      5399572.41
     5000000   20000000    64     2   2.148796      9307537.80
     5000000   20000000    64     4   1.435720     13930292.81
     5000000   20000000    64     8   1.479285     13520045.16
    10000000   40000000    64     1   8.534746      4686724.13
    10000000   40000000    64     2   4.883435      8190955.75
    10000000   40000000    64     4   3.330588     12009891.35
    10000000   40000000    64     8   3.123388     12806606.16
      100000     400000   128     1   0.032867     12170261.96
      100000     400000   128     2   0.025690     15570260.80
      100000     400000   128     4   0.024291     16467004.24
      100000     400000   128     8   0.034354     11643476.74
     1000000    4000000   128     1   0.577007      6932324.91
     1000000    4000000   128     2   0.355372     11255810.81
     1000000    4000000   128     4   0.258585     15468801.36
     1000000    4000000   128     8   0.290588     13765193.33
     5000000   20000000   128     1   3.628191      5512388.96
     5000000   20000000   128     2   2.138040      9354361.94
     5000000   20000000   128     4   1.513104     13217862.09
     5000000   20000000   128     8   1.463256     13668148.29
    10000000   40000000   128     1   8.577296      4663474.36
    10000000   40000000   128     2   5.067321      7893717.41
    10000000   40000000   128     4   3.216921     12434250.02
    10000000   40000000   128     8   3.067073     13041750.23


C
############################################################
# Benchmark Host: altair
# Number Of Processors: 8
#
# Number Of Scheduled Runs: 3
# Start Time: 01/14/2008 - 02:06:07
############################################################

# ===========================================================================
# [Run: 1] (Timings[COLS 4/8]: Seconds)
#   VERTICES      EDGES PROC     BFS[Random]       EDGES/Sec
# ===========================================================================

      100000     400000    1        0.039130     10222335.80
      100000     400000    2        0.022763     17572376.22
      100000     400000    4        0.015638     25578718.51
      100000     400000    8        0.012069     33142762.45
     1000000    4000000    1        0.608949      6568694.59
     1000000    4000000    2        0.387018     10335436.59
     1000000    4000000    4        0.325923     12272837.45
     1000000    4000000    8        0.227897     17551788.75
     5000000   20000000    1        4.091977      4887613.00
     5000000   20000000    2        2.869422      6970044.84
     5000000   20000000    4        1.631227     12260709.27
     5000000   20000000    8        1.285552     15557519.26
    10000000   40000000    1       11.860126      3372645.45
    10000000   40000000    2        6.827393      5858751.65
    10000000   40000000    4        3.479486     11495950.84
    10000000   40000000    8        2.701453     14806846.54

# ===========================================================================
# [Run: 2] (Timings[COLS 4/8]: Seconds)
#   VERTICES      EDGES PROC     BFS[Random]       EDGES/Sec
# ===========================================================================

      100000     400000    1        0.039200     10204081.63
      100000     400000    2        0.023332     17143836.79
      100000     400000    4        0.014501     27584304.53
      100000     400000    8        0.012619     31698232.82
     1000000    4000000    1        0.613579      6519127.94
     1000000    4000000    2        0.452598      8837864.95
     1000000    4000000    4        0.326185     12262979.60
     1000000    4000000    8        0.237701     16827863.58
     5000000   20000000    1        4.091977      4887613.00
     5000000   20000000    2        2.869422      6970044.84
     5000000   20000000    4        1.631227     12260709.27
     5000000   20000000    8        1.285552     15557519.26
    10000000   40000000    1       10.906908      3667400.51
    10000000   40000000    2        6.258907      6390892.21
    10000000   40000000    4        3.455215     11576703.62
    10000000   40000000    8        2.474044     16167861.20

# ===========================================================================
# [Run: 3] (Timings[COLS 4/8]: Seconds)
#   VERTICES      EDGES PROC     BFS[Random]       EDGES/Sec
# ===========================================================================

      100000     400000    1        0.033223     12039851.91
      100000     400000    2        0.025461     15710302.03
      100000     400000    4        0.017316     23100023.10
      100000     400000    8        0.014801     27025201.00
     1000000    4000000    1        0.720102      5554768.63
     1000000    4000000    2        0.410741      9738497.01
     1000000    4000000    4        0.227997     17544090.49
     1000000    4000000    8        0.176077     22717333.89
     5000000   20000000    1        4.051522      4936416.49
     5000000   20000000    2        2.536097      7886133.69
     5000000   20000000    4        1.559559     12824138.11
     5000000   20000000    8        1.298685     15400193.27
    10000000   40000000    1       11.925773      3354080.28
    10000000   40000000    2        6.929237      5772641.35
    10000000   40000000    4        3.497705     11436070.22
    10000000   40000000    8        2.720487     14703249.82


