############################################################
# Benchmark Host: altair
# Number Of Processors: 8
#
# Number Of Scheduled Runs: 3
# Start Time: 02/18/2008 - 02:48:07
############################################################


#    VERTICS      EDGES PROCS  TIME(Sec) MEDGES/Sec [Run: 1]



      250000    1000000     1   0.185996   5.376460
      250000    1000000     2   0.138773   7.206013
      250000    1000000     4   0.209436   4.774728
      250000    1000000     6   0.176019   5.681205
      250000    1000000     8   0.180311   5.545973


     1000000    4000000     1   1.479499   2.703618
     1000000    4000000     2   0.939579   4.257226
     1000000    4000000     4   0.916384   4.364982
     1000000    4000000     6   0.723456   5.529016
     1000000    4000000     8   1.120636   3.569402


     4000000   16000000     1   8.857988   1.806279
     4000000   16000000     2   4.567811   3.502772
     4000000   16000000     4   4.381653   3.651590
     4000000   16000000     6   3.217291   4.973128
     4000000   16000000     8   3.955596   4.044902


     9000000   36000000     1  22.449811   1.603577
     9000000   36000000     2  12.192692   2.952588
     9000000   36000000     4   9.426153   3.819161
     9000000   36000000     6   9.212259   3.907836
     9000000   36000000     8   9.440002   3.813559


#    VERTICS      EDGES PROCS  TIME(Sec) MEDGES/Sec [Run: 2]



      250000    1000000     1   0.203314   4.918500
      250000    1000000     2   0.200709   4.982338
      250000    1000000     4   0.178536   5.601111
      250000    1000000     6   0.187180   5.342451
      250000    1000000     8   0.202140   4.947066


     1000000    4000000     1   1.714818   2.332609
     1000000    4000000     2   0.971580   4.117005
     1000000    4000000     4   0.919826   4.348649
     1000000    4000000     6   1.117266   3.580168
     1000000    4000000     8   0.858639   4.658535


     4000000   16000000     1   7.328193   2.183349
     4000000   16000000     2   4.382326   3.651029
     4000000   16000000     4   2.915150   5.488568
     4000000   16000000     6   3.977318   4.022811
     4000000   16000000     8   3.110026   5.144652


     9000000   36000000     1  19.024084   1.892338
     9000000   36000000     2  11.092473   3.245444
     9000000   36000000     4   7.447258   4.833994
     9000000   36000000     6   9.588704   3.754418
     9000000   36000000     8   8.191136   4.394995


#    VERTICS      EDGES PROCS  TIME(Sec) MEDGES/Sec [Run: 3]



      250000    1000000     1   0.180513   5.539767
      250000    1000000     2   0.133426   7.494791
      250000    1000000     4   0.211887   4.719497
      250000    1000000     6   0.197005   5.076013
      250000    1000000     8   0.189301   5.282592


     1000000    4000000     1   1.458306   2.742909
     1000000    4000000     2   0.998494   4.006033
     1000000    4000000     4   0.992805   4.028989
     1000000    4000000     6   0.860524   4.648331
     1000000    4000000     8   0.957824   4.176133


     4000000   16000000     1   7.328319   2.183311
     4000000   16000000     2   5.112387   3.129654
     4000000   16000000     4   3.519094   4.546625
     4000000   16000000     6   3.287267   4.867265
     4000000   16000000     8   2.922132   5.475454


     9000000   36000000     1  18.788297   1.916086
     9000000   36000000     2  12.502475   2.879430
     9000000   36000000     4   9.570618   3.761513
     9000000   36000000     6   7.042507   5.111816
     9000000   36000000     8   7.043350   5.111204


############################################################
# End Time: 02/18/2008 - 03:01:36
############################################################
