############################################################
# Benchmark Host: moxie
# Number Of Processors: 32
#
# Number Of Scheduled Runs: 3
# Start Time: 01/17/2008 - 04:21:38
############################################################
#
# Run: 1
#

# ===========================================================================
# [Run: 1] (Timings[COLS 4/8]: Seconds)
#   VERTICES      EDGES PROC       SV[Torus]       EDGES/Sec
# ===========================================================================

       90000     360000    1        0.362606       992813.14
       90000     360000    2        0.192776      1867452.38
       90000     360000    4        0.078213      4602815.39
       90000     360000    8        0.051922      6933477.14
       90000     360000   16        0.037072      9710832.97
       90000     360000   32        0.037650      9561752.99
      810000    3240000    1        5.718772       566555.20
      810000    3240000    2        2.372185      1365829.39
      810000    3240000    4        1.437896      2253292.31
      810000    3240000    8        0.784998      4127399.05
      810000    3240000   16        0.405377      7992560.01
      810000    3240000   32        0.365911      8854612.19
     7290000   29160000    1       89.414172       326122.80
     7290000   29160000    2       45.486950       641062.99
     7290000   29160000    4       27.583141      1057167.49
     7290000   29160000    8       15.496037      1881771.45
     7290000   29160000   16        7.801925      3737539.13
     7290000   29160000   32        5.471406      5329525.90

# ===========================================================================
# [Run: 2] (Timings[COLS 4/8]: Seconds)
#   VERTICES      EDGES PROC       SV[Torus]       EDGES/Sec
# ===========================================================================

       90000     360000    1        0.361989       994505.36
       90000     360000    2        0.166935      2156527.99
       90000     360000    4        0.097762      3682412.39
       90000     360000    8        0.052968      6796556.41
       90000     360000   16        0.037550      9587217.04
       90000     360000   32        0.042132      8544574.20
      810000    3240000    1        5.687341       569686.26
      810000    3240000    2        2.383463      1359366.60
      810000    3240000    4        1.278408      2534402.16
      810000    3240000    8        0.778697      4160796.82
      810000    3240000   16        0.416144      7785766.47
      810000    3240000   32        0.348952      9284944.63
     7290000   29160000    1       89.355538       326336.80
     7290000   29160000    2       45.542377       640282.79
     7290000   29160000    4       25.050856      1164032.08
     7290000   29160000    8       13.872937      2101934.15
     7290000   29160000   16        7.827266      3725438.74
     7290000   29160000   32        5.878568      4960391.71

# ===========================================================================
# [Run: 3] (Timings[COLS 4/8]: Seconds)
#   VERTICES      EDGES PROC       SV[Torus]       EDGES/Sec
# ===========================================================================

       90000     360000    1        0.362068       994288.37
       90000     360000    2        0.167783      2145628.58
       90000     360000    4        0.090328      3985475.16
       90000     360000    8        0.054062      6659021.12
       90000     360000   16        0.037635      9565563.97
       90000     360000   32        0.042282      8514261.39
      810000    3240000    1        5.676950       570729.00
      810000    3240000    2        2.388194      1356673.70
      810000    3240000    4        1.432517      2261753.26
      810000    3240000    8        0.712287      4548728.25
      810000    3240000   16        0.489973      6612609.27
      810000    3240000   32        0.339057      9555915.38
     7290000   29160000    1       89.403532       326161.61
     7290000   29160000    2       49.861724       584817.32
     7290000   29160000    4       27.547758      1058525.34
     7290000   29160000    8       14.000530      2082778.29
     7290000   29160000   16        7.964918      3661054.64
     7290000   29160000   32        5.206251      5600959.31
