Sun Jan 20 07:32:18 2008 
vj updated from raw data by separating out data for deg 3 from data for deg 4.

############################################################
# Benchmark Host: r28n01.pbm.ihost.com
# Number Of Processors: 64
# Usable Physical Memory: 513792 MBytes
# SMT Enabled: false
# SMT Threads: 2
#
# Number Of Scheduled Runs: 3
# Start Time: 01/18/2008 - 01:10:23
############################################################

# ===========================================================================
# [Run: 1] (Timings[COLS 4/8]: Seconds)
#   VERTICES      EDGES PROC     BFS[KGraph]       EDGES/Sec
# ===========================================================================

      100000     300000    1        0.013328     22509003.60
      100000     300000    2        0.011530     26019080.66
      100000     300000    4        0.007620     39370078.74
      100000     300000    8        0.006567     45682960.26
      100000     300000   16        0.009775     30690537.08
      100000     300000   32        0.022020     13623978.20
      100000     300000   64        0.034238      8762194.05
     1000000    3000000    1        0.483489      6204898.15
     1000000    3000000    2        0.283581     10578988.01
     1000000    3000000    4        0.142461     21058394.93
     1000000    3000000    8        0.073853     40621234.07
     1000000    3000000   16        0.037674     79630514.41
     1000000    3000000   32        0.038427     78070106.96
     1000000    3000000   64        0.050030     59964021.59
    10000000   30000000    1       11.265999      2662879.70
    10000000   30000000    2        5.821151      5153619.96
    10000000   30000000    4        2.672714     11224545.54
    10000000   30000000    8        1.317609     22768514.79
    10000000   30000000   16        0.656360     45706624.41
    10000000   30000000   32        0.398746     75235864.44
    10000000   30000000   64        0.315247     95163474.99

      100000     400000    1        0.014962     26734393.80
      100000     400000    2        0.012765     31335683.51
      100000     400000    4        0.008097     49401012.72
      100000     400000    8        0.006363     62863429.20
      100000     400000   16        0.008923     44827972.65
      100000     400000   32        0.018398     21741493.64
      100000     400000   64        0.018175     22008253.09
     1000000    4000000    1        0.553895      7221585.32
     1000000    4000000    2        0.283522     14108252.62
     1000000    4000000    4        0.151256     26445231.92
     1000000    4000000    8        0.067862     58943149.33
     1000000    4000000   16        0.042105     95000593.75
     1000000    4000000   32        0.038915    102788127.97
     1000000    4000000   64        0.057125     70021881.84
    10000000   40000000    1       12.115054      3301677.40
    10000000   40000000    2        6.054010      6607190.94
    10000000   40000000    4        3.181592     12572322.28
    10000000   40000000    8        1.392328     28728862.74
    10000000   40000000   16        0.674748     59281390.98
    10000000   40000000   32        0.340642    117425332.17
    10000000   40000000   64        0.260444    153583879.84

# ===========================================================================
# [Run: 2] (Timings[COLS 4/8]: Seconds)
#   VERTICES      EDGES PROC     BFS[KGraph]       EDGES/Sec
# ===========================================================================

      100000     300000    1        0.013445     22313127.56
      100000     300000    2        0.010744     27922561.43
      100000     300000    4        0.007943     37769104.87
      100000     300000    8        0.006348     47258979.21
      100000     300000   16        0.009648     31094527.36
      100000     300000   32        0.023930     12536564.98
      100000     300000   64        0.050956      5887432.29
     1000000    3000000    1        0.487071      6159266.31
     1000000    3000000    2        0.279185     10745562.98
     1000000    3000000    4        0.139328     21531924.67
     1000000    3000000    8        0.070543     42527252.88
     1000000    3000000   16        0.038366     78194234.48
     1000000    3000000   32        0.038924     77073270.99
     1000000    3000000   64        0.053435     56142977.45
    10000000   30000000    1       10.953876      2738756.58
    10000000   30000000    2        5.472130      5482325.90
    10000000   30000000    4        2.715067     11049451.08
    10000000   30000000    8        1.348345     22249498.46
    10000000   30000000   16        0.646418     46409598.74
    10000000   30000000   32        0.397807     75413454.26
    10000000   30000000   64        0.263265    113953620.88

      100000     400000    1        0.015081     26523440.09
      100000     400000    2        0.011888     33647375.50
      100000     400000    4        0.008021     49869093.63
      100000     400000    8        0.006240     64102564.10
      100000     400000   16        0.008941     44737725.09
      100000     400000   32        0.018654     21443122.12
      100000     400000   64        0.036746     10885538.56
     1000000    4000000    1        0.549842      7274817.13
     1000000    4000000    2        0.285447     14013109.26
     1000000    4000000    4        0.148614     26915364.64
     1000000    4000000    8        0.069361     57669295.43
     1000000    4000000   16        0.040525     98704503.39
     1000000    4000000   32        0.038654    103482175.20
     1000000    4000000   64        0.052221     76597537.39
    10000000   40000000    1       12.745302      3138411.31
    10000000   40000000    2        6.205384      6446015.27
    10000000   40000000    4        3.142365     12729266.01
    10000000   40000000    8        1.369555     29206567.10
    10000000   40000000   16        0.675383     59225654.18
    10000000   40000000   32        0.333263    120025325.34
    10000000   40000000   64        0.225708    177220125.12

# ===========================================================================
# [Run: 3] (Timings[COLS 4/8]: Seconds)
#   VERTICES      EDGES PROC     BFS[KGraph]       EDGES/Sec
# ===========================================================================

      100000     300000    1        0.013589     22076679.67
      100000     300000    2        0.011117     26985697.58
      100000     300000    4        0.008135     36877689.00
      100000     300000    8        0.006516     46040515.65
      100000     300000   16        0.009833     30509508.80
      100000     300000   32        0.022587     13281976.36
      100000     300000   64        0.022985     13051990.43
     1000000    3000000    1        0.495516      6054294.92
     1000000    3000000    2        0.287795     10424086.59
     1000000    3000000    4        0.141071     21265887.39
     1000000    3000000    8        0.071875     41739130.43
     1000000    3000000   16        0.038644     77631715.14
     1000000    3000000   32        0.040271     74495294.38
     1000000    3000000   64        0.061209     49012400.14
    10000000   30000000    1       10.271490      2920705.76
    10000000   30000000    2        5.699571      5263554.05
    10000000   30000000    4        2.648467     11327307.46
    10000000   30000000    8        1.293905     23185628.00
    10000000   30000000   16        0.685058     43791912.51
    10000000   30000000   32        0.408133     73505450.43
    10000000   30000000   64        0.241338    124306988.54
      100000     400000    1        0.015053     26572776.19
      100000     400000    2        0.012704     31486146.10
      100000     400000    4        0.008135     49170252.00
      100000     400000    8        0.006309     63401489.94
      100000     400000   16        0.009019     44350814.95
      100000     400000   32        0.018771     21309466.73
      100000     400000   64        0.018641     21458076.28
     1000000    4000000    1        0.561735      7120795.39
     1000000    4000000    2        0.283908     14089071.11
     1000000    4000000    4        0.153599     26041836.21
     1000000    4000000    8        0.069003     57968494.12
     1000000    4000000   16        0.042553     94000423.00
     1000000    4000000   32        0.039790    100527770.80
     1000000    4000000   64        0.049252     81214976.04
    10000000   40000000    1       11.796222      3390916.18
    10000000   40000000    2        6.268683      6380925.63
    10000000   40000000    4        3.143270     12725601.05
    10000000   40000000    8        1.358420     29445974.00
    10000000   40000000   16        0.667618     59914502.01
    10000000   40000000   32        0.333228    120037931.99
    10000000   40000000   64        0.254004    157477834.99
