############################################################
# Benchmark Host: moxie
# Number Of Processors: 32
#
# Number Of Scheduled Runs: 1
# Start Time: 02/04/2008 - 05:19:26
############################################################

#    VERTICS      EDGES NPROC BATCH  TIME(Sec) MEDGES/Sec   STEALS ATTEMPTS [Run: 1]

       90000     360000    30     1   0.010600  33.962264     3639    56366
       90000     360000    30    10   0.003300 109.090909      633    17658
       90000     360000    30    20   0.002800 128.571429      227    16905
       90000     360000    30    30   0.002700 133.333333       87    25662
       90000     360000    30    40   0.003200 112.500000       62    22082
       90000     360000    30    50   0.004000  90.000000       48    23872
       90000     360000    30    60   0.004600  78.260870       51    23924
       90000     360000    30    70   0.005100  70.588235       42    21356
       90000     360000    30    80   0.005800  62.068966       41    21348
       90000     360000    30    90   0.006800  52.941176       37    26451
       90000     360000    30   100   0.007700  46.753247       35    22487

#    VERTICS      EDGES NPROC BATCH  TIME(Sec) MEDGES/Sec   STEALS ATTEMPTS [Run: 1]

      810000    3240000    30     1   0.044700  72.483221    41440   192407
      810000    3240000    30    10   0.019600 165.306122     3936    34367
      810000    3240000    30    20   0.016700 194.011976     1622    29043
      810000    3240000    30    30   0.015300 211.764706      803    28651
      810000    3240000    30    40   0.015000 216.000000      503    28635
      810000    3240000    30    50   0.015100 214.569536      248    32362
      810000    3240000    30    60   0.017000 190.588235      236    26041
      810000    3240000    30    70   0.017100 189.473684      142    32868
      810000    3240000    30    80   0.018300 177.049180      103    45887
      810000    3240000    30    90   0.021600 150.000000       77    27717
      810000    3240000    30   100   0.023500 137.872340      106    33696

#    VERTICS      EDGES NPROC BATCH  TIME(Sec) MEDGES/Sec   STEALS ATTEMPTS [Run: 1]

     4410000   17640000    30     1   0.457800  38.532110   212334  1969956
     4410000   17640000    30    10   0.100900 174.826561    17718   108916
     4410000   17640000    30    20   0.082400 214.077670     7981    87712
     4410000   17640000    30    30   0.081200 217.241379     3100    71767
     4410000   17640000    30    40   0.077000 229.090909     2405    77885
     4410000   17640000    30    50   0.080700 218.587361     1729    65425
     4410000   17640000    30    60   0.078100 225.864277     1235    73973
     4410000   17640000    30    70   0.079100 223.008850      821    59473
     4410000   17640000    30    80   0.078300 225.287356      945    67053
     4410000   17640000    30    90   0.082100 214.859927      741    70536
     4410000   17640000    30   100   0.083400 211.510791      496    66843

#    VERTICS      EDGES NPROC BATCH  TIME(Sec) MEDGES/Sec   STEALS ATTEMPTS [Run: 1]

     7290000   29160000    30     1   0.788100  37.000381   238500  3404787
     7290000   29160000    30    10   0.162400 179.556650    29988   185499
     7290000   29160000    30    20   0.137400 212.227074    11429   141844
     7290000   29160000    30    30   0.128300 227.279813     6306   110841
     7290000   29160000    30    40   0.128000 227.812500     3703   128087
     7290000   29160000    30    50   0.126800 229.968454     2838   104522
     7290000   29160000    30    60   0.128000 227.812500     2238   112863
     7290000   29160000    30    70   0.123700 235.731609     1488    92676
     7290000   29160000    30    80   0.128700 226.573427     1095    84072
     7290000   29160000    30    90   0.127600 228.526646     1119    93986
     7290000   29160000    30   100   0.131700 221.412301      896    96646


############################################################
# End Time: 02/04/2008 - 06:06:58
############################################################
