############################################################
# Benchmark Host: r28n01.pbm.ihost.com
# Number Of Processors: 64
# Usable Physical Memory: 513792 MBytes
# SMT Enabled: false
# SMT Threads: 2
#
# Number Of Scheduled Runs: 3
# Start Time: 01/18/2008 - 01:10:23
############################################################

# ===========================================================================
# [Run: 1] (Timings[COLS 4/8]: Seconds)
#   VERTICES      EDGES PROC      SV[KGraph]       EDGES/Sec
# ===========================================================================

      100000     300000    1        0.006914     43390222.74
      100000     300000    2        0.004614     65019505.85
      100000     300000    4        0.003063     97943192.95
      100000     300000    8        0.002840    105633802.82
      100000     300000   16        0.005100     58823529.41
      100000     300000   32        0.012776     23481527.86
      100000     300000   64        0.030614      9799438.17
     1000000    3000000    1        0.129584     23151006.30
     1000000    3000000    2        0.078494     38219481.74
     1000000    3000000    4        0.048034     62455760.50
     1000000    3000000    8        0.027396    109505037.23
     1000000    3000000   16        0.017272    173691523.85
     1000000    3000000   32        0.017614    170319064.38
     1000000    3000000   64        0.029904    100321027.29
    10000000   30000000    1        2.886538     10393072.95
    10000000   30000000    2        2.124609     14120245.18
    10000000   30000000    4        1.283644     23370965.78
    10000000   30000000    8        0.651897     46019539.90
    10000000   30000000   16        0.342138     87683917.02
    10000000   30000000   32        0.177273    169230508.88
    10000000   30000000   64        0.139076    215709396.30
      100000     400000    1        0.012916     30969340.35
      100000     400000    2        0.008105     49352251.70
      100000     400000    4        0.003539    113026278.61
      100000     400000    8        0.004003     99925056.21
      100000     400000   16        0.006395     62548866.30
      100000     400000   32        0.016274     24579083.20
      100000     400000   64        0.074985      5334400.21
     1000000    4000000    1        0.349432     11447148.52
     1000000    4000000    2        0.143710     27833832.02
     1000000    4000000    4        0.082067     48740663.12
     1000000    4000000    8        0.059132     67645268.21
     1000000    4000000   16        0.043109     92788048.90
     1000000    4000000   32        0.037529    106584241.52
     1000000    4000000   64        0.082129     48703868.30
    10000000   40000000    1        7.467463      5356571.57
    10000000   40000000    2        6.453198      6198477.10
    10000000   40000000    4        3.019518     13247147.39
    10000000   40000000    8        1.566731     25530866.50
    10000000   40000000   16        0.951488     42039416.16
    10000000   40000000   32        0.493024     81131953.01
    10000000   40000000   64        0.337201    118623610.25

# ===========================================================================
# [Run: 2] (Timings[COLS 4/8]: Seconds)
#   VERTICES      EDGES PROC      SV[KGraph]       EDGES/Sec
# ===========================================================================

      100000     300000    1        0.006971     43035432.51
      100000     300000    2        0.004591     65345240.69
      100000     300000    4        0.003059     98071265.12
      100000     300000    8        0.002767    108420672.21
      100000     300000   16        0.004941     60716454.16
      100000     300000   32        0.014433     20785699.44
      100000     300000   64        0.023549     12739394.45
     1000000    3000000    1        0.129445     23175866.20
     1000000    3000000    2        0.078366     38281907.97
     1000000    3000000    4        0.047844     62703787.31
     1000000    3000000    8        0.026901    111520017.84
     1000000    3000000   16        0.017309    173320238.03
     1000000    3000000   32        0.017287    173540811.01
     1000000    3000000   64        0.050437     59480143.55
    10000000   30000000    1        2.867536     10461943.63
    10000000   30000000    2        2.120517     14147493.28
    10000000   30000000    4        1.239073     24211648.55
    10000000   30000000    8        0.697526     43009149.48
    10000000   30000000   16        0.341936     87735716.63
    10000000   30000000   32        0.178477    168088885.40
    10000000   30000000   64        0.105140    285333840.59
      100000     400000    1        0.013061     30625526.38
      100000     400000    2        0.005465     73193046.66
      100000     400000    4        0.003514    113830392.71
      100000     400000    8        0.003863    103546466.48
      100000     400000   16        0.005410     73937153.42
      100000     400000   32        0.016371     24433449.39
      100000     400000   64        0.038631     10354378.61
     1000000    4000000    1        0.347237     11519509.73
     1000000    4000000    2        0.188558     21213631.88
     1000000    4000000    4        0.082034     48760270.13
     1000000    4000000    8        0.060470     66148503.39
     1000000    4000000   16        0.034857    114754568.67
     1000000    4000000   32        0.031334    127656858.36
     1000000    4000000   64        0.077870     51367664.06
    10000000   40000000    1        7.452953      5367000.17
    10000000   40000000    2        6.382013      6267614.94
    10000000   40000000    4        3.040655     13155060.34
    10000000   40000000    8        1.626291     24595844.16
    10000000   40000000   16        1.001035     39958642.80
    10000000   40000000   32        0.496576     80551617.48
    10000000   40000000   64        0.331778    120562544.83

# ===========================================================================
# [Run: 3] (Timings[COLS 4/8]: Seconds)
#   VERTICES      EDGES PROC      SV[KGraph]       EDGES/Sec
# ===========================================================================

      100000     300000    1        0.007053     42535091.45
      100000     300000    2        0.004628     64822817.63
      100000     300000    4        0.003075     97560975.61
      100000     300000    8        0.002743    109369303.68
      100000     300000   16        0.005455     54995417.05
      100000     300000   32        0.014322     20946795.14
      100000     300000   64        0.031510      9520787.05
     1000000    3000000    1        0.128929     23268620.71
     1000000    3000000    2        0.078448     38241892.72
     1000000    3000000    4        0.048037     62451860.02
     1000000    3000000    8        0.026993    111139925.17
     1000000    3000000   16        0.017334    173070266.53
     1000000    3000000   32        0.018698    160444967.38
     1000000    3000000   64        0.041292     72653298.46
    10000000   30000000    1        2.932177     10231305.95
    10000000   30000000    2        2.141150     14011162.23
    10000000   30000000    4        1.257306     23860539.92
    10000000   30000000    8        0.676974     44314848.13
    10000000   30000000   16        0.339490     88367845.89
    10000000   30000000   32        0.183264    163698271.35
    10000000   30000000   64        0.131393    228322665.59
      100000     400000    1        0.012959     30866579.21
      100000     400000    2        0.005524     72411296.16
      100000     400000    4        0.003508    114025085.52
      100000     400000    8        0.004050     98765432.10
      100000     400000   16        0.006594     60661207.16
      100000     400000   32        0.016598     24099289.07
      100000     400000   64        0.069815      5729427.77
     1000000    4000000    1        0.347153     11522297.09
     1000000    4000000    2        0.143940     27789356.68
     1000000    4000000    4        0.082313     48594997.15
     1000000    4000000    8        0.059909     66767931.36
     1000000    4000000   16        0.035096    113973102.35
     1000000    4000000   32        0.032466    123205815.31
     1000000    4000000   64        0.085512     46777060.53
    10000000   40000000    1        7.408006      5399563.66
    10000000   40000000    2        5.188368      7709553.37
    10000000   40000000    4        3.110081     12861401.36
    10000000   40000000    8        1.537991     26007954.53
    10000000   40000000   16        0.941697     42476507.84
    10000000   40000000   32        0.477786     83719489.48
    10000000   40000000   64        0.313031    127782871.35
