############################################################
# Benchmark Host: r28n01.pbm.ihost.com
# Number Of Processors: 64
# Usable Physical Memory: 513792 MBytes
# SMT Enabled: false
# SMT Threads: 2
#
# Number Of Scheduled Runs: 3
# Start Time: 01/11/2008 - 02:24:23
############################################################


#    VERTICS      EDGES PARTS PROCS  TIME(Sec)       EDGES/Sec [Run: 1]

       90000     360000    64     1   0.012906     27894002.79
       90000     360000    64     2   0.020825     17286914.77
       90000     360000    64     4   0.022738     15832527.05
       90000     360000    64     8   0.025582     14072394.65
       90000     360000    64    16   0.030015     11994003.00
       90000     360000    64    32   0.018636     19317450.10
       90000     360000    64    64   0.013924     25854639.47
      810000    3240000    64     1   0.309097     10482146.38
      810000    3240000    64     2   0.215390     15042481.08
      810000    3240000    64     4   0.166590     19448946.52
      810000    3240000    64     8   0.149625     21654135.34
      810000    3240000    64    16   0.241758     13401831.58
      810000    3240000    64    32   0.362942      8927046.19
      810000    3240000    64    64   0.369649      8765071.73
     7290000   29160000    64     1   4.802021      6072443.25
     7290000   29160000    64     2   2.673160     10908437.95
     7290000   29160000    64     4   1.576928     18491649.59
     7290000   29160000    64     8   1.017643     28654449.55
     7290000   29160000    64    16   1.112632     26208126.32
     7290000   29160000    64    32   1.931188     15099513.87
     7290000   29160000    64    64   2.725365     10699484.29
       90000     360000   128     1   0.013366     26934011.67
       90000     360000   128     2   0.020193     17827960.18
       90000     360000   128     4   0.023032     15630427.23
       90000     360000   128     8   0.026346     13664313.37
       90000     360000   128    16   0.029967     12013214.54
       90000     360000   128    32   0.022849     15755612.94
       90000     360000   128    64   0.024902     14456670.15
      810000    3240000   128     1   0.331710      9767568.06
      810000    3240000   128     2   0.219805     14740338.03
      810000    3240000   128     4   0.173898     18631611.63
      810000    3240000   128     8   0.155483     20838291.00
      810000    3240000   128    16   0.246227     13158589.43
      810000    3240000   128    32   0.395916      8183554.09
      810000    3240000   128    64   0.391400      8277976.49
     7290000   29160000   128     1   4.916257      5931341.67
     7290000   29160000   128     2   2.767674     10535922.94
     7290000   29160000   128     4   1.651133     17660600.33
     7290000   29160000   128     8   1.055127     27636483.57
     7290000   29160000   128    16   1.141620     25542649.92
     7290000   29160000   128    32   1.975254     14762658.37
     7290000   29160000   128    64   2.740998     10638460.88


#    VERTICS      EDGES PARTS PROCS  TIME(Sec)       EDGES/Sec [Run: 2]

       90000     360000    64     1   0.015368     23425299.32
       90000     360000    64     2   0.020867     17252120.57
       90000     360000    64     4   0.022811     15781859.63
       90000     360000    64     8   0.025544     14093329.16
       90000     360000    64    16   0.029615     12156002.03
       90000     360000    64    32   0.019616     18352365.42
       90000     360000    64    64   0.023572     15272357.03
      810000    3240000    64     1   0.309087     10482485.51
      810000    3240000    64     2   0.203590     15914337.64
      810000    3240000    64     4   0.167002     19400965.26
      810000    3240000    64     8   0.148804     21773608.24
      810000    3240000    64    16   0.237072     13666734.16
      810000    3240000    64    32   0.369521      8768107.90
      810000    3240000    64    64   0.367562      8814839.40
     7290000   29160000    64     1   4.847399      6015597.23
     7290000   29160000    64     2   2.645488     11022541.02
     7290000   29160000    64     4   1.558618     18708881.84
     7290000   29160000    64     8   1.005685     28995162.50
     7290000   29160000    64    16   1.112820     26203698.71
     7290000   29160000    64    32   3.190062      9140888.17
     7290000   29160000    64    64   2.779472     10491201.21
       90000     360000   128     1   0.014118     25499362.52
       90000     360000   128     2   0.019697     18276894.96
       90000     360000   128     4   0.023094     15588464.54
       90000     360000   128     8   0.025030     14382740.71
       90000     360000   128    16   0.031167     11550678.60
       90000     360000   128    32   0.023287     15459269.12
       90000     360000   128    64   0.110834      3248100.76
      810000    3240000   128     1   0.330302      9809204.91
      810000    3240000   128     2   0.219140     14785068.91
      810000    3240000   128     4   0.175846     18425212.97
      810000    3240000   128     8   0.153346     21128689.37
      810000    3240000   128    16   0.243178     13323573.68
      810000    3240000   128    32   0.393734      8228905.81
      810000    3240000   128    64   0.391021      8285999.98
     7290000   29160000   128     1   4.973798      5862723.01
     7290000   29160000   128     2   2.786472     10464845.87
     7290000   29160000   128     4   1.649486     17678234.31
     7290000   29160000   128     8   1.064313     27397955.30
     7290000   29160000   128    16   1.141154     25553080.48
     7290000   29160000   128    32   1.959083     14884514.85
     7290000   29160000   128    64   2.777132     10500041.05


#    VERTICS      EDGES PARTS PROCS  TIME(Sec)       EDGES/Sec [Run: 3]

       90000     360000    64     1   0.013998     25717959.71
       90000     360000    64     2   0.019938     18055973.52
       90000     360000    64     4   0.022487     16009249.79
       90000     360000    64     8   0.026080     13803680.98
       90000     360000    64    16   0.030411     11837821.84
       90000     360000    64    32   0.019999     18000900.05
       90000     360000    64    64   0.032390     11114541.53
      810000    3240000    64     1   0.309961     10452927.95
      810000    3240000    64     2   0.208510     15538823.08
      810000    3240000    64     4   0.163553     19810092.14
      810000    3240000    64     8   0.149119     21727613.52
      810000    3240000    64    16   0.239867     13507485.40
      810000    3240000    64    32   0.330338      9808135.91
      810000    3240000    64    64   0.365867      8855677.06
     7290000   29160000    64     1   5.015085      5814457.78
     7290000   29160000    64     2   2.784544     10472091.66
     7290000   29160000    64     4   1.589126     18349709.21
     7290000   29160000    64     8   1.004424     29031564.36
     7290000   29160000    64    16   1.105116     26386370.30
     7290000   29160000    64    32   3.087727      9443840.08
     7290000   29160000    64    64   2.730989     10677450.55
       90000     360000   128     1   0.015248     23609653.73
       90000     360000   128     2   0.019514     18448293.53
       90000     360000   128     4   0.023440     15358361.77
       90000     360000   128     8   0.025776     13966480.45
       90000     360000   128    16   0.029739     12105316.25
       90000     360000   128    32   0.022820     15775635.41
       90000     360000   128    64   0.014951     24078656.95
      810000    3240000   128     1   0.339475      9544149.05
      810000    3240000   128     2   0.221791     14608347.50
      810000    3240000   128     4   0.175319     18480598.22
      810000    3240000   128     8   0.154167     21016170.78
      810000    3240000   128    16   0.246751     13130645.87
      810000    3240000   128    32   0.395542      8191291.95
      810000    3240000   128    64   0.388965      8329798.31
     7290000   29160000   128     1   5.252892      5551227.78
     7290000   29160000   128     2   2.754363     10586839.86
     7290000   29160000   128     4   1.631654     17871435.98
     7290000   29160000   128     8   1.070544     27238488.10
     7290000   29160000   128    16   1.117982     26082709.74
     7290000   29160000   128    32   1.977555     14745481.16
     7290000   29160000   128    64   2.788620     10456785.08
