XWS
############################################################
# Benchmark Host: r28n01.pbm.ihost.com
# Number Of Processors: 64
# Usable Physical Memory: 513792 MBytes
# SMT Enabled: false
# SMT Threads: 2
#
# Number Of Scheduled Runs: 1
# Start Time: 01/14/2008 - 01:08:42
############################################################
# =================================================================
#   VERTICES      EDGES PROC  TIME(Sec)       EDGES/Sec [Run: 1]
# =================================================================
      100000     400000    1   0.087038      4595697.74
      100000     400000    2   0.078988      5064080.30
      100000     400000    4   0.048781      8199921.63
      100000     400000    8   0.030676     13039514.82
      100000     400000   16   0.017069     23433926.78
      100000     400000   32   0.015375     26016510.60
      100000     400000   64   0.022045     18144406.89
     1000000    4000000    1   1.696024      2358456.62
     1000000    4000000    2   0.991563      4034034.39
     1000000    4000000    4   0.552098      7245089.05
     1000000    4000000    8   0.333842     11981698.57
     1000000    4000000   16   0.173068     23112364.64
     1000000    4000000   32   0.107626     37165602.15
     1000000    4000000   64   0.095472     41897109.06
    10000000   40000000    1  23.758860      1683582.43
    10000000   40000000    2  12.656195      3160507.50
    10000000   40000000    4   6.479682      6173142.01
    10000000   40000000    8   3.319680     12049352.90
    10000000   40000000   16   1.779477     22478513.02
    10000000   40000000   32   1.053577     37965891.09
    10000000   40000000   64   0.783737     51037537.70

Cilk
############################################################
# Benchmark Host: r28n01.pbm.ihost.com
# Number Of Processors: 64
# Usable Physical Memory: 513792 MBytes
# SMT Enabled: false
# SMT Threads: 2
#
# Number Of Scheduled Runs: 3
# Start Time: 01/11/2008 - 03:29:07
############################################################


#    VERTICS      EDGES PARTS PROCS  TIME(Sec)       EDGES/Sec [Run: 1]

      100000     400000    64     1   0.017104     23386342.38
      100000     400000    64     2   0.013625     29357798.17
      100000     400000    64     4   0.009672     41356492.97
      100000     400000    64     8   0.006134     65210303.23
      100000     400000    64    16   0.004991     80144259.67
      100000     400000    64    32   0.006233     64174554.79
      100000     400000    64    64   0.008187     48857945.52
     1000000    4000000    64     1   0.579240      6905600.44
     1000000    4000000    64     2   0.295944     13516070.61
     1000000    4000000    64     4   0.159774     25035362.45
     1000000    4000000    64     8   0.083256     48044585.38
     1000000    4000000    64    16   0.044414     90061692.26
     1000000    4000000    64    32   0.032633    122575307.20
     1000000    4000000    64    64   0.037919    105488013.92
    10000000   40000000    64     1  12.911471      3098020.36
    10000000   40000000    64     2   6.513641      6140958.64
    10000000   40000000    64     4   2.997255     13345544.51
    10000000   40000000    64     8   1.465146     27301033.48
    10000000   40000000    64    16   0.727905     54952225.91
    10000000   40000000    64    32   0.349068    114590853.36
    10000000   40000000    64    64   0.272135    146985870.98
      100000     400000   128     1   0.023727     16858431.32
      100000     400000   128     2   0.017144     23331777.88
      100000     400000   128     4   0.009675     41343669.25
      100000     400000   128     8   0.006044     66181336.86
      100000     400000   128    16   0.004681     85451826.53
      100000     400000   128    32   0.009094     43985045.08
      100000     400000   128    64   0.007295     54832076.76
     1000000    4000000   128     1   0.567749      7045366.88
     1000000    4000000   128     2   0.294853     13566082.08
     1000000    4000000   128     4   0.158415     25250134.14
     1000000    4000000   128     8   0.081806     48896168.99
     1000000    4000000   128    16   0.045645     87632818.49
     1000000    4000000   128    32   0.030194    132476650.99
     1000000    4000000   128    64   0.037152    107665805.34
    10000000   40000000   128     1  13.222157      3025225.01
    10000000   40000000   128     2   6.422219      6228376.83
    10000000   40000000   128     4   2.961106     13508466.09
    10000000   40000000   128     8   1.460021     27396866.21
    10000000   40000000   128    16   0.727463     54985614.39
    10000000   40000000   128    32   0.351644    113751407.67
    10000000   40000000   128    64   0.263390    151866054.14


#    VERTICS      EDGES PARTS PROCS  TIME(Sec)       EDGES/Sec [Run: 2]

      100000     400000    64     1   0.023662     16904741.78
      100000     400000    64     2   0.018126     22067747.99
      100000     400000    64     4   0.009273     43135986.20
      100000     400000    64     8   0.006284     63653723.74
      100000     400000    64    16   0.004525     88397790.06
      100000     400000    64    32   0.009722     41143797.57
      100000     400000    64    64   0.007808     51229508.20
     1000000    4000000    64     1   0.563199      7102285.34
     1000000    4000000    64     2   0.297984     13423539.52
     1000000    4000000    64     4   0.159394     25095047.49
     1000000    4000000    64     8   0.082244     48635766.74
     1000000    4000000    64    16   0.044578     89730360.27
     1000000    4000000    64    32   0.031164    128353228.08
     1000000    4000000    64    64   0.035789    111766185.14
    10000000   40000000    64     1  12.501274      3199673.89
    10000000   40000000    64     2   6.412043      6238261.35
    10000000   40000000    64     4   2.988243     13385792.25
    10000000   40000000    64     8   1.468906     27231150.26
    10000000   40000000    64    16   0.706949     56581167.81
    10000000   40000000    64    32   0.345989    115610611.90
    10000000   40000000    64    64   0.212668    188086595.07
      100000     400000   128     1   0.023540     16992353.44
      100000     400000   128     2   0.018252     21915406.53
      100000     400000   128     4   0.009313     42950714.06
      100000     400000   128     8   0.006143     65114764.77
      100000     400000   128    16   0.004326     92464170.13
      100000     400000   128    32   0.007935     50409577.82
      100000     400000   128    64   0.007755     51579626.05
     1000000    4000000   128     1   0.573630      6973135.99
     1000000    4000000   128     2   0.300214     13323829.00
     1000000    4000000   128     4   0.156668     25531697.60
     1000000    4000000   128     8   0.082778     48322017.93
     1000000    4000000   128    16   0.044053     90799718.52
     1000000    4000000   128    32   0.032073    124715492.78
     1000000    4000000   128    64   0.031776    125881168.18
    10000000   40000000   128     1  12.242579      3267285.43
    10000000   40000000   128     2   6.353499      6295743.50
    10000000   40000000   128     4   2.981263     13417132.27
    10000000   40000000   128     8   1.470683     27198247.34
    10000000   40000000   128    16   0.723686     55272590.60
    10000000   40000000   128    32   0.351242    113881597.30
    10000000   40000000   128    64   0.210218    190278663.10


#    VERTICS      EDGES PARTS PROCS  TIME(Sec)       EDGES/Sec [Run: 3]

      100000     400000    64     1   0.024241     16500969.43
      100000     400000    64     2   0.017208     23245002.32
      100000     400000    64     4   0.009655     41429311.24
      100000     400000    64     8   0.006223     64277679.58
      100000     400000    64    16   0.004948     80840743.73
      100000     400000    64    32   0.007340     54495912.81
      100000     400000    64    64   0.007377     54222583.71
     1000000    4000000    64     1   0.564004      7092148.28
     1000000    4000000    64     2   0.303532     13178182.20
     1000000    4000000    64     4   0.158601     25220521.94
     1000000    4000000    64     8   0.082045     48753732.71
     1000000    4000000    64    16   0.046336     86325966.85
     1000000    4000000    64    32   0.032781    122021902.93
     1000000    4000000    64    64   0.033116    120787534.73
    10000000   40000000    64     1  13.214933      3026878.76
    10000000   40000000    64     2   5.937540      6736796.72
    10000000   40000000    64     4   3.005268     13309961.04
    10000000   40000000    64     8   1.460331     27391050.39
    10000000   40000000    64    16   0.724751     55191369.17
    10000000   40000000    64    32   0.344153    116227375.61
    10000000   40000000    64    64   0.275257    145318738.49
      100000     400000   128     1   0.025344     15782828.28
      100000     400000   128     2   0.016687     23970755.68
      100000     400000   128     4   0.010411     38420900.97
      100000     400000   128     8   0.006187     64651689.03
      100000     400000   128    16   0.004667     85708163.70
      100000     400000   128    32   0.007657     52239780.59
      100000     400000   128    64   0.007953     50295485.98
     1000000    4000000   128     1   0.563926      7093129.24
     1000000    4000000   128     2   0.296109     13508539.09
     1000000    4000000   128     4   0.156884     25496545.22
     1000000    4000000   128     8   0.082641     48402124.85
     1000000    4000000   128    16   0.044643     89599713.28
     1000000    4000000   128    32   0.029735    134521607.53
     1000000    4000000   128    64   0.032907    121554684.41
    10000000   40000000   128     1  13.164924      3038376.83
    10000000   40000000   128     2   5.919985      6756773.88
    10000000   40000000   128     4   3.043833     13141325.43
    10000000   40000000   128     8   1.446151     27659628.90
    10000000   40000000   128    16   0.722339     55375661.57
    10000000   40000000   128    32   0.346883    115312655.85
    10000000   40000000   128    64   0.222450    179815688.92

C
############################################################
# Benchmark Host: r28n01.pbm.ihost.com
# Number Of Processors: 64
# Usable Physical Memory: 513792 MBytes
# SMT Enabled: false
# SMT Threads: 2
#
# Number Of Scheduled Runs: 3
# Start Time: 01/11/2008 - 04:42:27
############################################################

# ===========================================================================
# [Run: 1] (Timings[COLS 4/8]: Seconds)
#   VERTICES      EDGES PROC     BFS[Random]       EDGES/Sec
# ===========================================================================

      100000     400000    1        0.018059     22149620.69
      100000     400000    2        0.014860     26917900.40
      100000     400000    4        0.010279     38914291.27
      100000     400000    8        0.010050     39800995.02
      100000     400000   16        0.016623     24063045.18
      100000     400000   32        0.041084      9736150.33
      100000     400000   64        0.066643      6002130.76
     1000000    4000000    1        0.625860      6391205.70
     1000000    4000000    2        0.352150     11358795.97
     1000000    4000000    4        0.195270     20484457.42
     1000000    4000000    8        0.134077     29833603.08
     1000000    4000000   16        0.176125     22711142.65
     1000000    4000000   32        0.405458      9865386.80
     1000000    4000000   64        0.616775      6485347.17
    10000000   40000000    1       15.392987      2598585.97
    10000000   40000000    2        7.191358      5562231.78
    10000000   40000000    4        3.782239     10575746.27
    10000000   40000000    8        2.240324     17854560.32
    10000000   40000000   16        2.105554     18997375.51
    10000000   40000000   32        4.120191      9708287.80
    10000000   40000000   64        6.031382      6631979.20

# ===========================================================================
# [Run: 2] (Timings[COLS 4/8]: Seconds)
#   VERTICES      EDGES PROC     BFS[Random]       EDGES/Sec
# ===========================================================================

      100000     400000    1        0.019759     20243939.47
      100000     400000    2        0.014831     26970534.69
      100000     400000    4        0.010428     38358266.21
      100000     400000    8        0.009783     40887253.40
      100000     400000   16        0.016919     23642059.22
      100000     400000   32        0.039702     10075059.19
      100000     400000   64        0.069790      5731480.15
     1000000    4000000    1        0.663894      6025058.22
     1000000    4000000    2        0.343700     11638056.44
     1000000    4000000    4        0.190397     21008734.38
     1000000    4000000    8        0.135329     29557596.67
     1000000    4000000   16        0.175891     22741356.86
     1000000    4000000   32        0.405562      9862856.97
     1000000    4000000   64        0.676410      5913573.13
    10000000   40000000    1       15.314540      2611896.93
    10000000   40000000    2        7.582501      5275304.28
    10000000   40000000    4        3.725109     10737940.82
    10000000   40000000    8        2.237383     17878029.82
    10000000   40000000   16        2.110296     18954686.93
    10000000   40000000   32        4.096614      9764161.33
    10000000   40000000   64        6.881346      5812816.27

# ===========================================================================
# [Run: 3] (Timings[COLS 4/8]: Seconds)
#   VERTICES      EDGES PROC     BFS[Random]       EDGES/Sec
# ===========================================================================

      100000     400000    1        0.018575     21534320.32
      100000     400000    2        0.014383     27810609.75
      100000     400000    4        0.010200     39215686.27
      100000     400000    8        0.009991     40036032.43
      100000     400000   16        0.016709     23939194.45
      100000     400000   32        0.040923      9774454.46
      100000     400000   64        0.058963      6783915.34
     1000000    4000000    1        0.644818      6203300.78
     1000000    4000000    2        0.350531     11411258.92
     1000000    4000000    4        0.196413     20365250.77
     1000000    4000000    8        0.133171     30036569.52
     1000000    4000000   16        0.175844     22747435.23
     1000000    4000000   32        0.409368      9771159.45
     1000000    4000000   64        0.512225      7809068.28
    10000000   40000000    1       14.649200      2730524.53
    10000000   40000000    2        7.510333      5325995.53
    10000000   40000000    4        3.777621     10588674.72
    10000000   40000000    8        2.234157     17903844.72
    10000000   40000000   16        2.133238     18750837.93
    10000000   40000000   32        4.083005      9796706.10
    10000000   40000000   64        6.140612      6514008.70
