############################################################
# Benchmark Host: moxie
# Number Of Processors: 32
#
# Number Of Scheduled Runs: 3
# Start Time: 01/11/2008 - 05:45:06
############################################################


#    VERTICS      EDGES PARTS PROCS  TIME(Sec)       EDGES/Sec [Run: 1]

       90000     360000    64     1   0.053178      6769716.80
       90000     360000    64     2   0.054353      6623369.46
       90000     360000    64     4   0.053910      6677796.33
       90000     360000    64     8   0.053507      6728091.65
       90000     360000    64    16   0.053505      6728343.15
       90000     360000    64    32   0.054764      6573661.53
      810000    3240000    64     1   0.712674      4546258.18
      810000    3240000    64     2   0.703746      4603933.81
      810000    3240000    64     4   0.713871      4538635.13
      810000    3240000    64     8   0.712166      4549501.10
      810000    3240000    64    16   0.714065      4537402.06
      810000    3240000    64    32   0.715458      4528567.71
     7290000   29160000    64     1   7.081824      4117583.27
     7290000   29160000    64     2   6.653370      4382741.38
     7290000   29160000    64     4   6.937020      4203534.08
     7290000   29160000    64     8   6.995856      4168181.85
     7290000   29160000    64    16   7.044770      4139240.88
     7290000   29160000    64    32   7.072420      4123058.30
       90000     360000   128     1   0.049042      7340646.79
       90000     360000   128     2   0.050219      7168601.53
       90000     360000   128     4   0.051410      7002528.69
       90000     360000   128     8   0.050219      7168601.53
       90000     360000   128    16   0.049639      7252362.05
       90000     360000   128    32   0.050434      7138041.80
      810000    3240000   128     1   0.857119      3780105.21
      810000    3240000   128     2   0.838985      3861809.21
      810000    3240000   128     4   0.854589      3791296.17
      810000    3240000   128     8   0.855347      3787936.36
      810000    3240000   128    16   0.856768      3781653.84
      810000    3240000   128    32   0.856721      3781861.31
     7290000   29160000   128     1   7.863681      3708187.04
     7290000   29160000   128     2   7.372628      3955170.40
     7290000   29160000   128     4   7.688243      3792804.16
     7290000   29160000   128     8   7.755825      3759754.76
     7290000   29160000   128    16   7.768780      3753485.10
     7290000   29160000   128    32   7.821015      3728416.32


#    VERTICS      EDGES PARTS PROCS  TIME(Sec)       EDGES/Sec [Run: 2]

       90000     360000    64     1   0.054169      6645867.56
       90000     360000    64     2   0.053776      6694436.18
       90000     360000    64     4   0.054325      6626783.25
       90000     360000    64     8   0.053947      6673216.30
       90000     360000    64    16   0.054520      6603081.44
       90000     360000    64    32   0.054764      6573661.53
      810000    3240000    64     1   0.715290      4529631.34
      810000    3240000    64     2   0.704749      4597381.48
      810000    3240000    64     4   0.712310      4548581.38
      810000    3240000    64     8   0.713641      4540097.89
      810000    3240000    64    16   0.715110      4530771.49
      810000    3240000    64    32   0.717717      4514314.14
     7290000   29160000    64     1   7.080285      4118478.28
     7290000   29160000    64     2   6.657509      4380016.61
     7290000   29160000    64     4   6.941649      4200730.98
     7290000   29160000    64     8   7.014509      4157097.81
     7290000   29160000    64    16   7.010206      4159649.52
     7290000   29160000    64    32   7.076840      4120483.15
       90000     360000   128     1   0.049688      7245210.11
       90000     360000   128     2   0.050068      7190221.30
       90000     360000   128     4   0.049662      7249003.26
       90000     360000   128     8   0.050026      7196257.95
       90000     360000   128    16   0.050760      7092198.58
       90000     360000   128    32   0.050563      7119830.71
      810000    3240000   128     1   0.854093      3793497.90
      810000    3240000   128     2   0.839492      3859476.92
      810000    3240000   128     4   0.850363      3810137.55
      810000    3240000   128     8   0.854227      3792902.82
      810000    3240000   128    16   0.856588      3782448.50
      810000    3240000   128    32   0.861312      3761703.08
     7290000   29160000   128     1   7.888246      3696639.28
     7290000   29160000   128     2   7.390537      3945586.09
     7290000   29160000   128     4   7.692596      3790657.93
     7290000   29160000   128     8   7.744326      3765337.36
     7290000   29160000   128    16   7.783509      3746382.26
     7290000   29160000   128    32   7.816609      3730517.93


#    VERTICS      EDGES PARTS PROCS  TIME(Sec)       EDGES/Sec [Run: 3]

       90000     360000    64     1   0.053041      6787202.35
       90000     360000    64     2   0.052998      6792709.16
       90000     360000    64     4   0.054259      6634843.99
       90000     360000    64     8   0.053621      6713787.51
       90000     360000    64    16   0.053908      6678044.08
       90000     360000    64    32   0.054731      6577625.11
      810000    3240000    64     1   0.713301      4542261.96
      810000    3240000    64     2   0.706050      4588910.13
      810000    3240000    64     4   0.710912      4557526.11
      810000    3240000    64     8   0.713265      4542491.22
      810000    3240000    64    16   0.714751      4533047.17
      810000    3240000    64    32   0.717291      4516995.19
     7290000   29160000    64     1   7.081845      4117571.06
     7290000   29160000    64     2   6.655489      4381345.98
     7290000   29160000    64     4   6.952043      4194450.47
     7290000   29160000    64     8   7.006766      4161691.71
     7290000   29160000    64    16   7.044135      4139614.02
     7290000   29160000    64    32   7.077516      4120089.59
       90000     360000   128     1   0.049338      7296607.08
       90000     360000   128     2   0.050071      7189790.50
       90000     360000   128     4   0.050064      7190795.78
       90000     360000   128     8   0.049953      7206774.37
       90000     360000   128    16   0.050582      7117156.30
       90000     360000   128    32   0.050437      7137617.23
      810000    3240000   128     1   0.854383      3792210.29
      810000    3240000   128     2   0.841005      3852533.58
      810000    3240000   128     4   0.852594      3800167.49
      810000    3240000   128     8   0.855019      3789389.48
      810000    3240000   128    16   0.858280      3774991.84
      810000    3240000   128    32   0.858060      3775959.72
     7290000   29160000   128     1   7.844387      3717307.67
     7290000   29160000   128     2   7.373081      3954927.39
     7290000   29160000   128     4   7.692619      3790646.59
     7290000   29160000   128     8   7.780067      3748039.70
     7290000   29160000   128    16   7.800287      3738323.99
     7290000   29160000   128    32   7.821163      3728345.77
