############################################################
# Benchmark Host: v20n21.pbm.ihost.com
# Number Of Processors: 16
# Usable Physical Memory: 63488 MBytes
# SMT Enabled: false
# SMT Threads: 2
#
# Number Of Scheduled Runs: 3
# Start Time: 01/11/2008 - 02:24:50
############################################################


#    VERTICS      EDGES PARTS PROCS  TIME(Sec)       EDGES/Sec [Run: 1]

      100000     400000    64     1   0.019982     20018016.21
      100000     400000    64     2   0.014651     27301890.66
      100000     400000    64     4   0.008928     44802867.38
      100000     400000    64     8   0.005598     71454090.75
      100000     400000    64    16   0.004237     94406419.64
     1000000    4000000    64     1   0.603490      6628113.14
     1000000    4000000    64     2   0.308408     12969832.17
     1000000    4000000    64     4   0.153847     25999857.00
     1000000    4000000    64     8   0.081746     48932057.84
     1000000    4000000    64    16   0.054413     73511844.60
    10000000   40000000    64     1  13.370629      2991631.88
    10000000   40000000    64     2   6.265688      6383975.71
    10000000   40000000    64     4   2.982570     13411252.71
    10000000   40000000    64     8   1.450649     27573865.21
    10000000   40000000    64    16   0.747051     53543867.82
      100000     400000   128     1   0.029655     13488450.51
      100000     400000   128     2   0.017999     22223456.86
      100000     400000   128     4   0.009079     44057715.61
      100000     400000   128     8   0.005573     71774627.67
      100000     400000   128    16   0.004078     98087297.69
     1000000    4000000   128     1   0.598920      6678688.31
     1000000    4000000   128     2   0.311154     12855370.65
     1000000    4000000   128     4   0.155524     25719503.10
     1000000    4000000   128     8   0.081708     48954814.71
     1000000    4000000   128    16   0.045365     88173702.19
    10000000   40000000   128     1  12.472323      3207101.03
    10000000   40000000   128     2   6.089739      6568426.00
    10000000   40000000   128     4   2.973087     13454029.43
    10000000   40000000   128     8   1.453524     27519325.45
    10000000   40000000   128    16   0.734458     54461929.75


#    VERTICS      EDGES PARTS PROCS  TIME(Sec)       EDGES/Sec [Run: 2]

      100000     400000    64     1   0.027531     14529076.31
      100000     400000    64     2   0.019123     20917220.10
      100000     400000    64     4   0.008866     45116174.15
      100000     400000    64     8   0.005578     71710290.43
      100000     400000    64    16   0.004576     87412587.41
     1000000    4000000    64     1   0.603448      6628574.46
     1000000    4000000    64     2   0.307683     13000393.26
     1000000    4000000    64     4   0.158570     25225452.48
     1000000    4000000    64     8   0.081806     48896168.99
     1000000    4000000    64    16   0.045520     87873462.21
    10000000   40000000    64     1  12.712788      3146438.06
    10000000   40000000    64     2   6.263143      6386569.81
    10000000   40000000    64     4   2.938949     13610307.63
    10000000   40000000    64     8   1.431322     27946192.40
    10000000   40000000    64    16   0.747281     53527387.96
      100000     400000   128     1   0.028728     13923698.13
      100000     400000   128     2   0.014925     26800670.02
      100000     400000   128     4   0.008966     44612982.38
      100000     400000   128     8   0.005734     69759330.31
      100000     400000   128    16   0.004375     91428571.43
     1000000    4000000   128     1   0.600000      6666666.67
     1000000    4000000   128     2   0.307899     12991273.11
     1000000    4000000   128     4   0.163589     24451521.80
     1000000    4000000   128     8   0.081914     48831701.54
     1000000    4000000   128    16   0.045851     87239100.56
    10000000   40000000   128     1  12.766114      3133294.91
    10000000   40000000   128     2   6.131453      6523739.15
    10000000   40000000   128     4   2.920956     13694146.71
    10000000   40000000   128     8   1.451137     27564592.45
    10000000   40000000   128    16   0.751664     53215266.40


#    VERTICS      EDGES PARTS PROCS  TIME(Sec)       EDGES/Sec [Run: 3]

      100000     400000    64     1   0.027753     14412856.27
      100000     400000    64     2   0.017923     22317692.35
      100000     400000    64     4   0.008819     45356616.40
      100000     400000    64     8   0.005728     69832402.23
      100000     400000    64    16   0.004242     94295143.80
     1000000    4000000    64     1   0.605756      6603318.83
     1000000    4000000    64     2   0.311031     12860454.42
     1000000    4000000    64     4   0.157931     25327516.45
     1000000    4000000    64     8   0.082402     48542511.10
     1000000    4000000    64    16   0.045373     88158155.73
    10000000   40000000    64     1  11.810966      3386683.19
    10000000   40000000    64     2   6.128551      6526828.28
    10000000   40000000    64     4   3.006275     13305502.66
    10000000   40000000    64     8   1.426615     28038398.59
    10000000   40000000    64    16   0.795547     50279870.33
      100000     400000   128     1   0.027622     14481210.63
      100000     400000   128     2   0.017196     23261223.54
      100000     400000   128     4   0.009010     44395116.54
      100000     400000   128     8   0.005727     69844595.77
      100000     400000   128    16   0.004319     92614031.03
     1000000    4000000   128     1   0.607508      6584275.43
     1000000    4000000   128     2   0.308808     12953032.30
     1000000    4000000   128     4   0.158017     25313732.07
     1000000    4000000   128     8   0.082928     48234613.16
     1000000    4000000   128    16   0.052513     76171614.65
    10000000   40000000   128     1  13.471974      2969126.87
    10000000   40000000   128     2   5.878156      6804855.13
    10000000   40000000   128     4   2.949530     13561482.68
    10000000   40000000   128     8   1.438530     27806163.24
    10000000   40000000   128    16   0.760366     52606244.89
