############################################################
# Benchmark Host: v20n42.pbm.ihost.com
# Number Of Processors: 16
# Usable Physical Memory: 63488 MBytes
# SMT Enabled: false
# SMT Threads: 2
#
# Number Of Scheduled Runs: 5
# Start Time: 10/07/2007 - 09:08:01
############################################################

# =================================================================
#   VERTICES      EDGES PROC  TIME(Sec)       EDGES/Sec [Run: 1]
# =================================================================

     5000000   20000000    4   2.400710      8330868.78
     5000000   20000000    5   1.889758     10583365.70
     5000000   20000000    6   1.637060     12217023.20
     5000000   20000000    7   1.461648     13683185.01
     5000000   20000000    8   1.344621     14874079.76
     5000000   20000000    9   1.308106     15289280.84
     5000000   20000000   10   1.220686     16384229.85
     5000000   20000000   11   1.147338     17431654.84
     5000000   20000000   12   1.113442     17962318.65
     5000000   20000000   13   1.094680     18270179.41
     5000000   20000000   14   1.109423     18027389.01
     5000000   20000000   15   1.116051     17920328.01
     5000000   20000000   16  85.998116       232563.23

# =================================================================
#   VERTICES      EDGES PROC  TIME(Sec)       EDGES/Sec [Run: 1]
# =================================================================

     6000000   24000000    4   2.989151      8029035.67
     6000000   24000000    5   2.423277      9903944.12
     6000000   24000000    6   2.054919     11679292.47
     6000000   24000000    7   1.811339     13249866.54
     6000000   24000000    8   1.666156     14404413.51
     6000000   24000000    9   1.580916     15181072.24
     6000000   24000000   10   1.490426     16102778.67
     6000000   24000000   11   1.405813     17071971.88
     6000000   24000000   12   1.365395     17577331.10
     6000000   24000000   13   1.332572     18010283.87
     6000000   24000000   14   1.327611     18077584.47
     6000000   24000000   15   1.343024     17870119.97
     6000000   24000000   16 122.716446       195572.81

# =================================================================
#   VERTICES      EDGES PROC  TIME(Sec)       EDGES/Sec [Run: 1]
# =================================================================

     7000000   28000000    5   2.904375      9640628.36
     7000000   28000000    6   2.482360     11279588.78
     7000000   28000000    7   2.142081     13071401.13
     7000000   28000000    8   1.978915     14149167.60
     7000000   28000000    9   1.899736     14738890.04
     7000000   28000000   10   1.768410     15833432.29
     7000000   28000000   11   1.681720     16649620.63
     7000000   28000000   12   1.603641     17460266.98
     7000000   28000000   13   1.550359     18060333.12
     7000000   28000000   14   1.554785     18008920.85
     7000000   28000000   15   1.534800     18243419.34
     7000000   28000000   16 129.907669       215537.70

# =================================================================
#   VERTICES      EDGES PROC  TIME(Sec)       EDGES/Sec [Run: 1]
# =================================================================

     8000000   32000000    5   3.411165      9380959.29
     8000000   32000000    6   2.893488     11059316.64
     8000000   32000000    7   2.543322     12581969.57
     8000000   32000000    8   2.253097     14202673.03
     8000000   32000000    9   2.162306     14799015.50
     8000000   32000000   10   2.073157     15435396.35
     8000000   32000000   11   1.932588     16558107.57
     8000000   32000000   12   1.887959     16949520.62
     8000000   32000000   13   1.789892     17878173.66
     8000000   32000000   14   1.757032     18212531.13
     8000000   32000000   15   1.760407     18177614.61
     8000000   32000000   16 128.340103       249337.50

# =================================================================
#   VERTICES      EDGES PROC  TIME(Sec)       EDGES/Sec [Run: 1]
# =================================================================

     9000000   36000000    6   3.329925     10811054.30
     9000000   36000000    7   2.915270     12348770.44
     9000000   36000000    8   2.661321     13527116.80
     9000000   36000000    9   2.481586     14506851.67
     9000000   36000000   10   2.364899     15222637.41
     9000000   36000000   11   2.204572     16329700.28
     9000000   36000000   12   2.120152     16979914.65
     9000000   36000000   13   2.049208     17567762.76
     9000000   36000000   14   2.002380     17978605.46
     9000000   36000000   15   1.980222     18179779.84
     9000000   36000000   16 143.382309       251077.00

# =================================================================
#   VERTICES      EDGES PROC  TIME(Sec)       EDGES/Sec [Run: 1]
# =================================================================

    10000000   40000000    7   3.288655     12163027.13
    10000000   40000000    8   2.974986     13445441.42
    10000000   40000000    9   2.747916     14556485.71
    10000000   40000000   10   2.628796     15216091.32
    10000000   40000000   11   2.490597     16060406.40
    10000000   40000000   12   2.373826     16850434.70
    10000000   40000000   13   2.277425     17563695.84
    10000000   40000000   14   2.220124     18017011.66
    10000000   40000000   15   2.207589     18119314.78
    10000000   40000000   16 172.403152       232014.32
