############################################################
# Benchmark Host: moxie
# Number Of Processors: 32
#
# Number Of Scheduled Runs: 1
# Start Time: 02/17/2008 - 08:18:40
############################################################


#    VERTICS      EDGES PROCS  TIME(Sec) MEDGES/Sec [Run: 1]



      250000    1000000     1   0.238734   4.188762
      250000    1000000     2   0.128004   7.812256
      250000    1000000     4   0.160544   6.228822
      250000    1000000     8   0.174582   5.727967
      250000    1000000    16   0.179956   5.556914
      250000    1000000    20   0.165932   6.026565
      250000    1000000    24   0.167075   5.985336
      250000    1000000    30   0.140540   7.115412
      250000    1000000    32   0.137582   7.268393


     1000000    4000000     1   1.627915   2.457131
     1000000    4000000     2   0.832019   4.807583
     1000000    4000000     4   0.533671   7.495255
     1000000    4000000     8   0.422157   9.475148
     1000000    4000000    16   0.341817  11.702168
     1000000    4000000    20   0.365881  10.932516
     1000000    4000000    24   0.401147   9.971407
     1000000    4000000    30   0.363967  10.990007
     1000000    4000000    32   0.468592   8.536211


     4000000   16000000     1   9.484988   1.686876
     4000000   16000000     2   4.799808   3.333467
     4000000   16000000     4   2.572967   6.218502
     4000000   16000000     8   1.627062   9.833676
     4000000   16000000    16   1.115189  14.347344
     4000000   16000000    20   0.984587  16.250468
     4000000   16000000    24   0.917638  17.436070
     4000000   16000000    30   1.004991  15.920541
     4000000   16000000    32   0.947624  16.884334


     9000000   36000000     1  25.066056   1.436205
     9000000   36000000     2  12.605098   2.855987
     9000000   36000000     4   6.554509   5.492402
     9000000   36000000     8   3.625149   9.930626
     9000000   36000000    16   2.445012  14.723854
     9000000   36000000    20   2.244101  16.042059
     9000000   36000000    24   1.978560  18.195051
     9000000   36000000    30   1.808594  19.904965
     9000000   36000000    32   1.835282  19.615514


############################################################
# End Time: 02/17/2008 - 09:08:57
############################################################
