############################################################
# Benchmark Host: altair
# Number Of Processors: 8
#
# Number Of Scheduled Runs: 3
# Start Time: 02/17/2008 - 03:33:03
############################################################

#   VERTICES      EDGES PROC Time(Secs) MEDGES/Sec [Run: 1]


      250000    1000000    1   0.220565   4.533811
      250000    1000000    2   0.181172   5.519617
      250000    1000000    4   0.126712   7.891912
      250000    1000000    6   0.127494   7.843506
      250000    1000000    8   0.127126   7.866211


     1000000    4000000    1   1.649738   2.424627
     1000000    4000000    2   1.333185   3.000334
     1000000    4000000    4   1.214872   3.292528
     1000000    4000000    6   1.196738   3.342419
     1000000    4000000    8   1.261144   3.171723


     4000000   16000000    1   7.710203   2.075172
     4000000   16000000    2   6.293199   2.542427
     4000000   16000000    4   5.434227   2.944301
     4000000   16000000    6   5.447371   2.937197
     4000000   16000000    8   5.177159   3.090498


     9000000   36000000    1  19.466407   1.849340
     9000000   36000000    2  18.388054   1.957793
     9000000   36000000    4  13.591114   2.648789
     9000000   36000000    6   9.913275   3.631494
     9000000   36000000    8  15.890531   2.265500

#   VERTICES      EDGES PROC Time(Secs) MEDGES/Sec [Run: 2]


      250000    1000000    1   0.220653   4.532003
      250000    1000000    2   0.184245   5.427556
      250000    1000000    4   0.123460   8.099789
      250000    1000000    6   0.108731   9.197009
      250000    1000000    8   0.150323   6.652342


     1000000    4000000    1   1.663056   2.405211
     1000000    4000000    2   1.309239   3.055210
     1000000    4000000    4   1.208105   3.310970
     1000000    4000000    6   1.489007   2.686354
     1000000    4000000    8   1.537692   2.601301


     4000000   16000000    1   7.707179   2.075987
     4000000   16000000    2   6.774757   2.361708
     4000000   16000000    4   5.671833   2.820958
     4000000   16000000    6   5.566658   2.874256
     4000000   16000000    8   6.073199   2.634526


     9000000   36000000    1  19.346299   1.860821
     9000000   36000000    2  18.872057   1.907582
     9000000   36000000    4  11.163354   3.224837
     9000000   36000000    6  14.914521   2.413755
     9000000   36000000    8  14.063410   2.559834

#   VERTICES      EDGES PROC Time(Secs) MEDGES/Sec [Run: 3]


      250000    1000000    1   0.256371   3.900597
      250000    1000000    2   0.183354   5.453931
      250000    1000000    4   0.126424   7.909891
      250000    1000000    6   0.152394   6.561938
      250000    1000000    8   0.168335   5.940535


     1000000    4000000    1   1.663346   2.404791
     1000000    4000000    2   1.335082   2.996071
     1000000    4000000    4   1.216633   3.287762
     1000000    4000000    6   1.545892   2.587503
     1000000    4000000    8   1.476269   2.709533


     4000000   16000000    1   7.572622   2.112875
     4000000   16000000    2   6.913236   2.314401
     4000000   16000000    4   5.649788   2.831965
     4000000   16000000    6   5.309913   3.013232
     4000000   16000000    8   6.347299   2.520757


     9000000   36000000    1  20.082855   1.792574
     9000000   36000000    2  15.674523   2.296721
     9000000   36000000    4  14.565200   2.471645
     9000000   36000000    6  14.200646   2.535096
     9000000   36000000    8  16.957587   2.122944


############################################################
# End Time: 02/17/2008 - 04:20:39
############################################################
