############################################################
# Benchmark Host: v20n31.pbm.ihost.com
# Number Of Processors: 16
#
# Number Of Scheduled Runs: 1
# Start Time: 02/22/2008 - 02:59:36
############################################################

#    VERTICS      EDGES PROC Time(Secs) MEDGES/Sec [Run: 1]


      250000    1000000    1   0.042039  23.787435
      250000    1000000    2   0.029468  33.935116
      250000    1000000    4   0.037383  26.750127
      250000    1000000    6   0.049216  20.318596
      250000    1000000    8   0.060662  16.484785
      250000    1000000   10   0.074656  13.394771
      250000    1000000   12   0.087750  11.396011
      250000    1000000   14   0.099121  10.088679
      250000    1000000   16   0.108694   9.200140


     1000000    4000000    1   0.378855  10.558129
     1000000    4000000    2   0.194558  20.559422
     1000000    4000000    4   0.130937  30.549043
     1000000    4000000    6   0.155627  25.702481
     1000000    4000000    8   0.178394  22.422279
     1000000    4000000   10   0.199382  20.061992
     1000000    4000000   12   0.227476  17.584273
     1000000    4000000   14   0.248679  16.084993
     1000000    4000000   16   0.263232  15.195721


     4000000   16000000    1   2.517043   6.356665
     4000000   16000000    2   1.211026  13.211938
     4000000   16000000    4   0.616489  25.953423
     4000000   16000000    6   0.686738  23.298551
     4000000   16000000    8   0.677104  23.630048
     4000000   16000000   10   0.762736  20.977114
     4000000   16000000   12   0.775257  20.638317
     4000000   16000000   14   0.865697  18.482217
     4000000   16000000   16   0.855998  18.691632


     9000000   36000000    1   6.594504   5.459091
     9000000   36000000    2   3.246924  11.087417
     9000000   36000000    4   1.623293  22.177142
     9000000   36000000    6   1.660931  21.674591
     9000000   36000000    8   1.706055  21.101313
     9000000   36000000   10   1.777327  20.255136
     9000000   36000000   12   1.846209  19.499417
     9000000   36000000   14   1.968314  18.289765
     9000000   36000000   16   1.980304  18.179027
