############################################################
# Benchmark Host: altair
# Number Of Processors: 8
#
# Number Of Scheduled Runs: 3
# Start Time: 02/18/2008 - 03:10:37
############################################################


#    VERTICS      EDGES PROCS  TIME(Sec) MEDGES/Sec [Run: 1]



      250000    1000000     1   0.412587   2.423731
      250000    1000000     2   0.318014   3.144516
      250000    1000000     4   0.397309   2.516933
      250000    1000000     6   0.380495   2.628155
      250000    1000000     8   0.424366   2.356456


     1000000    4000000     1   3.332061   1.200458
     1000000    4000000     2   2.257191   1.772114
     1000000    4000000     4   1.923096   2.079979
     1000000    4000000     6   1.962545   2.038170
     1000000    4000000     8   1.944916   2.056644


     4000000   16000000     1  15.608070   1.025111
     4000000   16000000     2  11.850948   1.350103
     4000000   16000000     4   7.937326   2.015792
     4000000   16000000     6   7.337285   2.180643
     4000000   16000000     8   9.311892   1.718233


     9000000   36000000     1  57.037531   0.631163
     9000000   36000000     2  29.823214   1.207113
     9000000   36000000     4  21.292163   1.690763
     9000000   36000000     6  23.726044   1.517320
     9000000   36000000     8  18.044345   1.995085


#    VERTICS      EDGES PROCS  TIME(Sec) MEDGES/Sec [Run: 2]



      250000    1000000     1   0.413643   2.417544
      250000    1000000     2   0.315909   3.165469
      250000    1000000     4   0.370137   2.701702
      250000    1000000     6   0.366677   2.727196
      250000    1000000     8   0.352245   2.838933


     1000000    4000000     1   3.308963   1.208838
     1000000    4000000     2   2.211401   1.808808
     1000000    4000000     4   2.069909   1.932452
     1000000    4000000     6   1.988516   2.011550
     1000000    4000000     8   1.935222   2.066946


     4000000   16000000     1  15.694802   1.019446
     4000000   16000000     2   9.547573   1.675819
     4000000   16000000     4   5.920925   2.702280
     4000000   16000000     6   5.108293   3.132162
     4000000   16000000     8   4.859994   3.292185


     9000000   36000000     1  51.048994   0.705205
     9000000   36000000     2  29.746398   1.210231
     9000000   36000000     4  19.539996   1.842375
     9000000   36000000     6  18.141542   1.984396
     9000000   36000000     8  17.861795   2.015475


#    VERTICS      EDGES PROCS  TIME(Sec) MEDGES/Sec [Run: 3]



      250000    1000000     1   0.425304   2.351259
      250000    1000000     2   0.282622   3.538295
      250000    1000000     4   0.381896   2.618514
      250000    1000000     6   0.346889   2.882767
      250000    1000000     8   0.428440   2.334049


     1000000    4000000     1   3.492072   1.145452
     1000000    4000000     2   2.205446   1.813692
     1000000    4000000     4   2.062176   1.939699
     1000000    4000000     6   2.282266   1.752644
     1000000    4000000     8   1.954097   2.046981


     4000000   16000000     1  15.554850   1.028618
     4000000   16000000     2   9.672838   1.654116
     4000000   16000000     4   6.019354   2.658093
     4000000   16000000     6   5.177335   3.090393
     4000000   16000000     8   4.872530   3.283715


     9000000   36000000     1  59.620449   0.603820
     9000000   36000000     2  28.247202   1.274463
     9000000   36000000     4  19.370718   1.858475
     9000000   36000000     6  17.878906   2.013546
     9000000   36000000     8  18.375399   1.959141


############################################################
# End Time: 02/18/2008 - 03:43:31
############################################################
