############################################################
# Benchmark Host: v20n22.pbm.ihost.com
# Number Of Processors: 16
# Usable Physical Memory: 63488 MBytes
# SMT Enabled: false
# SMT Threads: 2
#
# Number Of Scheduled Runs: 3
# Start Time: 01/11/2008 - 02:25:06
############################################################


#    VERTICS      EDGES PARTS PROCS  TIME(Sec)       EDGES/Sec [Run: 1]

       90000     360000    64     1   0.015475     23263327.95
       90000     360000    64     2   0.020314     17721768.24
       90000     360000    64     4   0.021911     16430103.60
       90000     360000    64     8   0.022956     15682174.59
       90000     360000    64    16   0.028472     12644001.12
      810000    3240000    64     1   0.335184      9666332.52
      810000    3240000    64     2   0.220128     14718709.11
      810000    3240000    64     4   0.163722     19789643.42
      810000    3240000    64     8   0.147809     21920180.77
      810000    3240000    64    16   0.167723     19317565.27
     7290000   29160000    64     1   5.088299      5730795.30
     7290000   29160000    64     2   2.718922     10724838.74
     7290000   29160000    64     4   1.537242     18969036.76
     7290000   29160000    64     8   1.004717     29023098.05
     7290000   29160000    64    16   0.902989     32292752.18
       90000     360000   128     1   0.016964     21221410.04
       90000     360000   128     2   0.019533     18430348.64
       90000     360000   128     4   0.022273     16163067.39
       90000     360000   128     8   0.022911     15712976.30
       90000     360000   128    16   0.030427     11831596.94
      810000    3240000   128     1   0.370185      8752380.57
      810000    3240000   128     2   0.234842     13796509.99
      810000    3240000   128     4   0.173385     18686737.61
      810000    3240000   128     8   0.151817     21341483.50
      810000    3240000   128    16   0.172175     18818063.02
     7290000   29160000   128     1   5.226206      5579573.40
     7290000   29160000   128     2   2.767401     10536962.30
     7290000   29160000   128     4   1.596736     18262255.00
     7290000   29160000   128     8   1.058789     27540898.14
     7290000   29160000   128    16   0.922598     31606398.45


#    VERTICS      EDGES PARTS PROCS  TIME(Sec)       EDGES/Sec [Run: 2]

       90000     360000    64     1   0.017090     21064950.26
       90000     360000    64     2   0.020581     17491861.43
       90000     360000    64     4   0.022526     15981532.45
       90000     360000    64     8   0.022793     15794322.82
       90000     360000    64    16   0.028090     12815948.74
      810000    3240000    64     1   0.334278      9692531.37
      810000    3240000    64     2   0.217862     14871799.58
      810000    3240000    64     4   0.162692     19914931.28
      810000    3240000    64     8   0.146176     22165061.30
      810000    3240000    64    16   0.166199     19494702.13
     7290000   29160000    64     1   5.087577      5731608.58
     7290000   29160000    64     2   2.715544     10738179.90
     7290000   29160000    64     4   1.557067     18727517.83
     7290000   29160000    64     8   1.005122     29011403.59
     7290000   29160000    64    16   0.889410     32785779.34
       90000     360000   128     1   0.015644     23012017.39
       90000     360000   128     2   0.019493     18468168.06
       90000     360000   128     4   0.021662     16618964.08
       90000     360000   128     8   0.022453     16033492.18
       90000     360000   128    16   0.028445     12656002.81
      810000    3240000   128     1   0.362784      8930934.11
      810000    3240000   128     2   0.232814     13916688.86
      810000    3240000   128     4   0.175074     18506460.13
      810000    3240000   128     8   0.150668     21504234.48
      810000    3240000   128    16   0.169749     19087004.93
     7290000   29160000   128     1   5.224560      5581331.25
     7290000   29160000   128     2   2.814315     10361313.50
     7290000   29160000   128     4   1.640541     17774624.35
     7290000   29160000   128     8   1.059694     27517377.66
     7290000   29160000   128    16   0.946349     30813156.67


#    VERTICS      EDGES PARTS PROCS  TIME(Sec)       EDGES/Sec [Run: 3]

       90000     360000    64     1   0.018729     19221528.11
       90000     360000    64     2   0.020156     17860686.64
       90000     360000    64     4   0.021710     16582220.18
       90000     360000    64     8   0.022880     15734265.73
       90000     360000    64    16   0.028150     12788632.33
      810000    3240000    64     1   0.334994      9671815.02
      810000    3240000    64     2   0.218880     14802631.58
      810000    3240000    64     4   0.162285     19964876.61
      810000    3240000    64     8   0.145631     22248010.38
      810000    3240000    64    16   0.165175     19615559.26
     7290000   29160000    64     1   5.042998      5782274.75
     7290000   29160000    64     2   2.724998     10700925.29
     7290000   29160000    64     4   1.543266     18894992.83
     7290000   29160000    64     8   1.017933     28646286.15
     7290000   29160000    64    16   0.882338     33048559.62
       90000     360000   128     1   0.015968     22545090.18
       90000     360000   128     2   0.019876     18112296.24
       90000     360000   128     4   0.021708     16583747.93
       90000     360000   128     8   0.022774     15807499.78
       90000     360000   128    16   0.027792     12953367.88
      810000    3240000   128     1   0.362390      8940644.06
      810000    3240000   128     2   0.229292     14130453.74
      810000    3240000   128     4   0.174216     18597602.98
      810000    3240000   128     8   0.148863     21764978.54
      810000    3240000   128    16   0.172979     18730597.36
     7290000   29160000   128     1   5.022365      5806029.63
     7290000   29160000   128     2   2.817920     10348058.14
     7290000   29160000   128     4   1.612247     18086558.70
     7290000   29160000   128     8   1.054303     27658083.11
     7290000   29160000   128    16   0.918272     31755296.91
