############################################################
# Benchmark Host: v20n98.pbm.ihost.com
# Number Of Processors: 16
# Usable Physical Memory: 63488 MBytes
# SMT Enabled: false
# SMT Threads: 2
#
# Number Of Scheduled Runs: 5
# Start Time: 10/05/2007 - 13:05:00
############################################################

# =====================================================================================
# [Run: 1] (Timings[COLS 4/8]: Seconds)
#   VERTICES      EDGES PROC         SV       EDGES/Sec
# =====================================================================================

     5000000   20000000    1  15.567477      1284729.70
     5000000   20000000    2   7.410776      2698772.71
     5000000   20000000    3   5.203508      3843560.92
     5000000   20000000    4   4.124710      4848825.74
     5000000   20000000    5   3.415861      5855039.18
     5000000   20000000    6   2.888132      6924891.24
     5000000   20000000    7   2.522975      7927149.50
     5000000   20000000    8   2.238301      8935348.73
     5000000   20000000    9   2.146486      9317554.37
     5000000   20000000   10   1.951584     10248085.66
     5000000   20000000   11   1.715371     11659285.37
     5000000   20000000   12   1.557950     12837382.46
     5000000   20000000   13   1.488072     13440209.88
     5000000   20000000   14   1.354547     14765083.83
     5000000   20000000   15   1.283312     15584674.65
     5000000   20000000   16   1.193363     16759359.89

# =====================================================================================
# [Run: 1] (Timings[COLS 4/8]: Seconds)
#   VERTICES      EDGES PROC         SV       EDGES/Sec
# =====================================================================================

     6000000   24000000    1  18.061795      1328771.59
     6000000   24000000    2   9.986419      2403263.87
     6000000   24000000    3   7.441899      3224983.30
     6000000   24000000    4   5.490005      4371580.72
     6000000   24000000    5   4.299629      5581876.95
     6000000   24000000    6   3.712013      6465494.60
     6000000   24000000    7   3.172081      7566011.08
     6000000   24000000    8   3.079458      7793579.26
     6000000   24000000    9   2.651331      9052057.25
     6000000   24000000   10   2.382257     10074479.79
     6000000   24000000   11   2.185267     10982639.65
     6000000   24000000   12   2.058455     11659229.86
     6000000   24000000   13   1.880512     12762481.71
     6000000   24000000   14   1.752188     13697160.35
     6000000   24000000   15   1.648568     14558089.20
     6000000   24000000   16   1.541957     15564636.37

# =====================================================================================
# [Run: 1] (Timings[COLS 4/8]: Seconds)
#   VERTICES      EDGES PROC         SV       EDGES/Sec
# =====================================================================================

     7000000   28000000    1  24.606352      1137917.56
     7000000   28000000    2  12.268365      2282292.71
     7000000   28000000    3   8.473158      3304553.04
     7000000   28000000    4   7.648474      3660860.98
     7000000   28000000    5   5.539284      5054804.92
     7000000   28000000    6   4.753690      5890161.12
     7000000   28000000    7   4.169507      6715422.23
     7000000   28000000    8   3.614192      7747236.45
     7000000   28000000    9   3.644676      7682438.71
     7000000   28000000   10   3.250467      8614146.83
     7000000   28000000   11   2.521255     11105580.36
     7000000   28000000   12   2.710218     10331272.24
     7000000   28000000   13   2.519361     11113929.29
     7000000   28000000   14   2.209087     12674919.55
     7000000   28000000   15   2.131256     13137792.93
     7000000   28000000   16   1.969661     14215644.21

# =====================================================================================
# [Run: 1] (Timings[COLS 4/8]: Seconds)
#   VERTICES      EDGES PROC         SV       EDGES/Sec
# =====================================================================================

     8000000   32000000    1  30.446714      1051016.54
     8000000   32000000    2  16.462112      1943857.51
     8000000   32000000    3  11.264206      2840857.14
     8000000   32000000    4   8.112061      3944743.51
     8000000   32000000    5   6.542295      4891249.94
     8000000   32000000    6   5.896667      5426794.49
     8000000   32000000    7   5.042825      6345649.51
     8000000   32000000    8   4.901732      6528304.69
     8000000   32000000    9   4.032881      7934774.17
     8000000   32000000   10   3.472667      9214819.62
     8000000   32000000   11   3.395568      9424049.23
     8000000   32000000   12   3.303922      9685458.68
     8000000   32000000   13   2.713942     11790966.79
     8000000   32000000   14   2.722458     11754083.99
     8000000   32000000   15   2.573830     12432833.56
     8000000   32000000   16   2.377483     13459612.54

# =====================================================================================
# [Run: 1] (Timings[COLS 4/8]: Seconds)
#   VERTICES      EDGES PROC         SV       EDGES/Sec
# =====================================================================================

     9000000   36000000    1  36.905603       975461.64
     9000000   36000000    2  19.772598      1820701.56
     9000000   36000000    3  13.533557      2660054.56
     9000000   36000000    4  10.437649      3449052.56
     9000000   36000000    5   8.105503      4441427.02
     9000000   36000000    6   6.870673      5239661.38
     9000000   36000000    7   6.052772      5947688.10
     9000000   36000000    8   5.296483      6796963.19
     9000000   36000000    9   4.833253      7448399.66
     9000000   36000000   10   4.359872      8257123.14
     9000000   36000000   11   4.073339      8837958.25
     9000000   36000000   12   3.688725      9759469.74
     9000000   36000000   13   3.458447     10409296.43
     9000000   36000000   14   3.316645     10854342.26
     9000000   36000000   15   3.016529     11934246.28
     9000000   36000000   16   2.919789     12329658.07

# =====================================================================================
# [Run: 1] (Timings[COLS 4/8]: Seconds)
#   VERTICES      EDGES PROC         SV       EDGES/Sec
# =====================================================================================

    10000000   40000000    1  43.554960       918379.90
    10000000   40000000    2  23.715051      1686692.56
    10000000   40000000    3  15.829912      2526861.80
    10000000   40000000    4  13.098804      3053713.91
    10000000   40000000    5  10.418246      3839417.88
    10000000   40000000    6   8.325139      4804724.58
    10000000   40000000    7   7.042193      5680048.81
    10000000   40000000    8   6.232082      6418400.78
    10000000   40000000    9   5.586136      7160584.70
    10000000   40000000   10   5.239898      7633736.38
    10000000   40000000   11   4.691486      8526083.21
    10000000   40000000   12   4.611998      8673030.65
    10000000   40000000   13   4.576866      8739604.79
    10000000   40000000   14   4.029408      9927016.57
    10000000   40000000   15   3.489449     11463127.85
    10000000   40000000   16   3.304144     12106009.91
