############################################################
# Benchmark Host: moxie
# Number Of Processors: 32
#
# Number Of Scheduled Runs: 1
# Start Time: 02/17/2008 - 04:52:31
############################################################

#   VERTICES      EDGES PROC Time(Secs) MEDGES/Sec [Run: 1]


      250000    1000000    1   0.945710   1.057407
      250000    1000000    2   0.501400   1.994416
      250000    1000000    4   0.299071   3.343688
      250000    1000000    8   0.163934   6.100016
      250000    1000000   16   0.087375  11.444921
      250000    1000000   20   0.087191  11.469074
      250000    1000000   24   0.080448  12.430390
      250000    1000000   30   0.075823  13.188610
      250000    1000000   32   0.075687  13.212309


     1000000    4000000    1   5.717708   0.699581
     1000000    4000000    2   3.208417   1.246721
     1000000    4000000    4   1.930852   2.071624
     1000000    4000000    8   0.958874   4.171560
     1000000    4000000   16   0.598503   6.683342
     1000000    4000000   20   0.472780   8.460595
     1000000    4000000   24   0.447926   8.930046
     1000000    4000000   30   0.346640  11.539349
     1000000    4000000   32   0.440126   9.088307


     4000000   16000000    1  37.356175   0.428309
     4000000   16000000    2  23.119451   0.692058
     4000000   16000000    4  12.808772   1.249144
     4000000   16000000    8   7.182742   2.227562
     4000000   16000000   16   3.988015   4.012021
     4000000   16000000   20   3.325093   4.811895
     4000000   16000000   24   2.838987   5.635813
     4000000   16000000   30   2.397793   6.672803
     4000000   16000000   32   2.626090   6.092708


     9000000   36000000    1 102.904390   0.349839
     9000000   36000000    2  57.449374   0.626639
     9000000   36000000    4  31.759789   1.133509
     9000000   36000000    8  17.617419   2.043432
     9000000   36000000   16   9.948704   3.618562
     9000000   36000000   20   9.020720   3.990812
     9000000   36000000   24   6.975253   5.161103
     9000000   36000000   30   5.955491   6.044842
     9000000   36000000   32   5.725372   6.287801


############################################################
# End Time: 02/17/2008 - 05:18:35
############################################################
