############################################################
# Benchmark Host: altair
# Number Of Processors: 8
#
# Number Of Scheduled Runs: 3
# Start Time: 01/11/2008 - 02:35:59
############################################################


#    VERTICS      EDGES PARTS PROCS  TIME(Sec)       EDGES/Sec [Run: 1]

      100000     400000    64     1   0.032118     12454075.60
      100000     400000    64     2   0.029645     13493000.51
      100000     400000    64     4   0.028705     13934854.55
      100000     400000    64     8   0.035756     11186933.66
     1000000    4000000    64     1   0.586860      6815935.66
     1000000    4000000    64     2   0.361380     11068681.17
     1000000    4000000    64     4   0.308533     12964577.53
     1000000    4000000    64     8   0.276439     14469738.35
    10000000   40000000    64     1   8.448258      4734703.89
    10000000   40000000    64     2   4.944389      8089978.36
    10000000   40000000    64     4   3.274624     12215142.87
    10000000   40000000    64     8   3.023020     13231801.31
      100000     400000   128     1   0.033044     12105072.03
      100000     400000   128     2   0.029078     13756104.27
      100000     400000   128     4   0.033223     12039851.91
      100000     400000   128     8   0.024976     16015374.76
     1000000    4000000   128     1   0.574775      6959244.92
     1000000    4000000   128     2   0.359500     11126564.67
     1000000    4000000   128     4   0.294002     13605349.62
     1000000    4000000   128     8   0.275139     14538106.19
    10000000   40000000   128     1   8.664975      4616285.68
    10000000   40000000   128     2   5.015176      7975791.88
    10000000   40000000   128     4   3.261865     12262923.20
    10000000   40000000   128     8   3.089903     12945390.20


#    VERTICS      EDGES PARTS PROCS  TIME(Sec)       EDGES/Sec [Run: 2]

      100000     400000    64     1   0.032688     12236906.51
      100000     400000    64     2   0.026234     15247388.88
      100000     400000    64     4   0.031959     12516036.17
      100000     400000    64     8   0.037247     10739119.93
     1000000    4000000    64     1   0.573291      6977259.37
     1000000    4000000    64     2   0.355704     11245305.09
     1000000    4000000    64     4   0.308665     12959033.26
     1000000    4000000    64     8   0.298016     13422098.14
    10000000   40000000    64     1   8.564464      4670461.57
    10000000   40000000    64     2   5.274050      7584304.28
    10000000   40000000    64     4   3.343751     11962613.24
    10000000   40000000    64     8   3.139060     12742668.19
      100000     400000   128     1   0.033134     12072191.71
      100000     400000   128     2   0.027256     14675667.74
      100000     400000   128     4   0.031230     12808197.25
      100000     400000   128     8   0.036903     10839227.16
     1000000    4000000   128     1   0.578516      6914242.65
     1000000    4000000   128     2   0.347954     11495772.43
     1000000    4000000   128     4   0.285479     14011538.50
     1000000    4000000   128     8   0.298722     13390376.34
    10000000   40000000   128     1   8.590424      4656347.58
    10000000   40000000   128     2   4.856474      8236428.32
    10000000   40000000   128     4   3.261442     12264513.67
    10000000   40000000   128     8   3.126625     12793347.46


#    VERTICS      EDGES PARTS PROCS  TIME(Sec)       EDGES/Sec [Run: 3]

      100000     400000    64     1   0.032228     12411567.58
      100000     400000    64     2   0.023242     17210222.87
      100000     400000    64     4   0.037636     10628122.01
      100000     400000    64     8   0.026593     15041552.29
     1000000    4000000    64     1   0.587229      6811652.69
     1000000    4000000    64     2   0.385216     10383784.68
     1000000    4000000    64     4   0.292681     13666756.64
     1000000    4000000    64     8   0.280612     14254557.89
    10000000   40000000    64     1   8.534746      4686724.13
    10000000   40000000    64     2   4.883435      8190955.75
    10000000   40000000    64     4   3.330588     12009891.35
    10000000   40000000    64     8   3.123388     12806606.16
      100000     400000   128     1   0.032867     12170261.96
      100000     400000   128     2   0.025690     15570260.80
      100000     400000   128     4   0.024291     16467004.24
      100000     400000   128     8   0.034354     11643476.74
     1000000    4000000   128     1   0.577007      6932324.91
     1000000    4000000   128     2   0.355372     11255810.81
     1000000    4000000   128     4   0.258585     15468801.36
     1000000    4000000   128     8   0.290588     13765193.33
    10000000   40000000   128     1   8.577296      4663474.36
    10000000   40000000   128     2   5.067321      7893717.41
    10000000   40000000   128     4   3.216921     12434250.02
    10000000   40000000   128     8   3.067073     13041750.23
