############################################################
# Benchmark Host: moxie
# Number Of Processors: 32
#
# Number Of Scheduled Runs: 3
# Start Time: 01/14/2008 - 01:35:03
############################################################
#
# Run: 1
#
# =================================================================
#   VERTICES      EDGES PROC  TIME(Sec)       EDGES/Sec [Run: 1]
# =================================================================
      100000     300000    1   0.145236      2065597.14
      100000     300000    2   0.113601      2640819.92
      100000     300000    4   0.078355      3828735.75
      100000     300000    8   0.061362      4889033.05
      100000     300000   16   0.046631      6433536.88
      100000     300000   32   0.053223      5636706.38
     1000000    3000000    1   1.615074      1857499.81
     1000000    3000000    2   0.895879      3348666.08
     1000000    3000000    4   0.492129      6095961.64
     1000000    3000000    8   0.344454      8709424.05
     1000000    3000000   16   0.330934      9065250.64
     1000000    3000000   32   0.293806     10210806.94
    10000000   30000000    1  25.897788      1158400.11
    10000000   30000000    2  13.025920      2303100.31
    10000000   30000000    4   7.903333      3795866.90
    10000000   30000000    8   4.435126      6764182.56
    10000000   30000000   16   3.444660      8709132.15
    10000000   30000000   32   2.306354     13007543.59
      100000     400000    1   0.145425      2750563.08
      100000     400000    2   0.114401      3496459.52
      100000     400000    4   0.059570      6714787.52
      100000     400000    8   0.058659      6819122.12
      100000     400000   16   0.063033      6345903.16
      100000     400000   32   0.043085      9283950.70
     1000000    4000000    1   1.620433      2468476.70
     1000000    4000000    2   0.892359      4482501.73
     1000000    4000000    4   0.630445      6344728.11
     1000000    4000000    8   0.322043     12420718.51
     1000000    4000000   16   0.325068     12305120.42
     1000000    4000000   32   0.337912     11837398.72
    10000000   40000000    1  25.917380      1543365.87
    10000000   40000000    2  13.125249      3047561.23
    10000000   40000000    4   7.018182      5699482.06
    10000000   40000000    8   3.954117     10116037.59
    10000000   40000000   16   2.866418     13954698.75
    10000000   40000000   32   2.343931     17065347.19
# =================================================================
#   VERTICES      EDGES PROC  TIME(Sec)       EDGES/Sec [Run: 2]
# =================================================================
      100000     300000    1   0.145747      2058366.18
      100000     300000    2   0.102534      2925856.37
      100000     300000    4   0.064773      4631524.19
      100000     300000    8   0.044111      6800976.43
      100000     300000   16   0.043492      6897851.06
      100000     300000   32   0.050980      5884713.06
     1000000    3000000    1   1.614956      1857635.97
     1000000    3000000    2   0.901929      3326203.54
     1000000    3000000    4   0.496265      6045154.04
     1000000    3000000    8   0.322358      9306435.68
     1000000    3000000   16   0.242297     12381487.39
     1000000    3000000   32   0.284873     10530993.36
    10000000   30000000    1  25.908486      1157921.76
    10000000   30000000    2  13.101829      2289756.60
    10000000   30000000    4   7.159740      4190096.31
    10000000   30000000    8   4.206971      7131021.49
    10000000   30000000   16   2.649122     11324505.22
    10000000   30000000   32   2.403350     12482574.75
      100000     400000    1   0.150762      2653188.66
      100000     400000    2   0.114035      3507705.77
      100000     400000    4   0.081812      4889260.51
      100000     400000    8   0.060685      6591444.01
      100000     400000   16   0.042453      9422087.54
      100000     400000   32   0.051172      7816722.86
     1000000    4000000    1   1.613927      2478427.19
     1000000    4000000    2   0.914309      4374889.72
     1000000    4000000    4   0.646436      6187778.32
     1000000    4000000    8   0.356318     11225938.49
     1000000    4000000   16   0.253436     15783069.60
     1000000    4000000   32   0.240452     16635322.60
    10000000   40000000    1  25.791066      1550924.64
    10000000   40000000    2  13.113777      3050227.15
    10000000   40000000    4   7.742354      5166387.10
    10000000   40000000    8   4.013552      9966233.60
    10000000   40000000   16   2.910078     13745338.35
    10000000   40000000   32   4.209394      9502556.31
# =================================================================
#   VERTICES      EDGES PROC  TIME(Sec)       EDGES/Sec [Run: 3]
# =================================================================
      100000     300000    1   0.145050      2068251.33
      100000     300000    2   0.104126      2881113.09
      100000     300000    4   0.066534      4508984.85
      100000     300000    8   0.048718      6157946.40
      100000     300000   16   0.050551      5934654.70
      100000     300000   32   0.047578      6305408.38
     1000000    3000000    1   1.614578      1858070.57
     1000000    3000000    2   0.898078      3340466.96
     1000000    3000000    4   0.543487      5519912.73
     1000000    3000000    8   0.320129      9371234.67
     1000000    3000000   16   0.253308     11843305.21
     1000000    3000000   32   0.286368     10476033.69
    10000000   30000000    1  25.888398      1158820.26
    10000000   30000000    2  13.078612      2293821.40
    10000000   30000000    4   7.258773      4132930.16
    10000000   30000000    8   4.857509      6176005.48
    10000000   30000000   16   3.910635      7671387.51
    10000000   30000000   32   2.489821     12049059.89
      100000     400000    1   0.145005      2758528.97
      100000     400000    2   0.121810      3283815.26
      100000     400000    4   0.057694      6933145.70
      100000     400000    8   0.053740      7443283.48
      100000     400000   16   0.036585     10933443.86
      100000     400000   32   0.038822     10303514.22
     1000000    4000000    1   1.615032      2476731.27
     1000000    4000000    2   0.931675      4293340.70
     1000000    4000000    4   0.493481      8105676.85
     1000000    4000000    8   0.307816     12994786.02
     1000000    4000000   16   0.291296     13731757.77
     1000000    4000000   32   0.301637     13260979.48
    10000000   40000000    1  25.935582      1542282.74
    10000000   40000000    2  13.122699      3048153.50
