############################################################
# Benchmark Host: r28n01.pbm.ihost.com
# vj Unscrambled Deg=3 and Deg=4
# Number Of Processors: 64
# Usable Physical Memory: 513792 MBytes
# SMT Enabled: false
# SMT Threads: 2
#
# Number Of Scheduled Runs: 3
# Start Time: 01/18/2008 - 01:10:23
############################################################

# ===========================================================================
# [Run: 1] (Timings[COLS 4/8]: Seconds)
#   VERTICES      EDGES PROC     DFS[KGraph]       EDGES/Sec
# ===========================================================================

      100000     300000    1        0.019674     15248551.39
      100000     300000    2        0.019596     15309246.79
      100000     300000    4        0.012936     23191094.62
      100000     300000    8        0.009674     31010957.20
      100000     300000   16        0.012435     24125452.35
      100000     300000   32        0.039529      7589364.77
      100000     300000   64        0.117870      2545176.89
     1000000    3000000    1        0.607351      4939483.10
     1000000    3000000    2        0.411258      7294690.92
     1000000    3000000    4        0.217570     13788665.72
     1000000    3000000    8        0.104496     28709232.89
     1000000    3000000   16        0.058111     51625337.72
     1000000    3000000   32        0.059845     50129501.21
     1000000    3000000   64        0.176149     17031036.23
    10000000   30000000    1       14.479926      2071833.79
    10000000   30000000    2        6.989463      4292175.24
    10000000   30000000    4        3.379159      8877948.63
    10000000   30000000    8        1.726997     17371194.04
    10000000   40000000    8        2.033009     19675269.51
    10000000   30000000   16        0.843613     35561329.66
    10000000   30000000   32        0.479597     62552518.05
    10000000   30000000   64        0.429341     69874528.64
      100000     400000    1        0.022318     17922752.93
      100000     400000    2        0.023663     16904027.38
      100000     400000    4        0.015915     25133521.83
      100000     400000    8        0.011104     36023054.76
      100000     400000   16        0.013895     28787333.57
      100000     400000   32        0.036510     10955902.49
      100000     400000   64        0.122409      3267733.58
     1000000    4000000    1        0.677810      5901358.79
     1000000    4000000    2        0.476476      8394966.38
     1000000    4000000    4        0.254363     15725557.57
     1000000    4000000    8        0.122873     32553937.81
     1000000    4000000   16        0.067532     59231179.29
     1000000    4000000   32        0.074436     53737438.87
     1000000    4000000   64        0.197590     20243939.47
    10000000   40000000    1       16.025288      2496054.99
    10000000   40000000    2        8.155388      4904732.92
    10000000   40000000    4        4.109990      9732383.78
    10000000   40000000   16        1.002937     39882864.03
    10000000   40000000   32        0.556044     71936753.21
    10000000   40000000   64        0.659030     60695264.25

# ===========================================================================
# [Run: 2] (Timings[COLS 4/8]: Seconds)
#   VERTICES      EDGES PROC     DFS[KGraph]       EDGES/Sec
# ===========================================================================

      100000     300000    1        0.020520     14619883.04
      100000     300000    2        0.018959     15823619.39
      100000     300000    4        0.012824     23393636.93
      100000     300000    8        0.009540     31446540.88
      100000     300000   16        0.012676     23666771.85
      100000     300000   32        0.042533      7053346.81
      100000     300000   64        0.118225      2537534.36
     1000000    3000000    1        0.613148      4892782.82
     1000000    3000000    2        0.399747      7504746.75
     1000000    4000000    2        0.477156      8383002.62
     1000000    3000000    4        0.217131     13816543.93
     1000000    3000000    8        0.103973     28853644.70
     1000000    3000000   16        0.057731     51965148.71
     1000000    3000000   32        0.060772     49364839.07
     1000000    3000000   64        0.185907     16137100.81
    10000000   30000000    1       14.238943      2106897.96
    10000000   30000000    2        6.917706      4336697.74
    10000000   30000000    4        3.465562      8656604.61
    10000000   30000000    8        1.698011     17667730.07
    10000000   30000000   16        0.841290     35659522.88
    10000000   30000000   32        0.475525     63088165.71
    10000000   30000000   64        0.421912     71104874.95
      100000     400000    1        0.022525     17758046.61
      100000     400000    2        0.023534     16996685.65
      100000     400000    4        0.016009     24985945.41
      100000     400000    8        0.011177     35787778.47
      100000     400000   16        0.014037     28496117.40
      100000     400000   32        0.038326     10436779.21
      100000     400000   64        0.122551      3263947.25
     1000000    4000000    1        0.672666      5946487.56
     1000000    4000000    4        0.251389     15911595.18
     1000000    4000000    8        0.123143     32482560.93
     1000000    4000000   16        0.067439     59312860.51
     1000000    4000000   32        0.074062     54008803.43
     1000000    4000000   64        0.200072     19992802.59
    10000000   40000000    1       16.631680      2405048.68
    10000000   40000000    2        8.180882      4889448.35
    10000000   40000000    4        4.037349      9907491.28
    10000000   40000000    8        2.035316     19652967.89
    10000000   40000000   16        1.003559     39858144.86
    10000000   40000000   32        0.555280     72035729.72
    10000000   40000000   64        0.657734     60814858.29

# ===========================================================================
# [Run: 3] (Timings[COLS 4/8]: Seconds)
#   VERTICES      EDGES PROC     DFS[KGraph]       EDGES/Sec
# ===========================================================================

      100000     300000    1        0.020708     14487154.72
      100000     300000    2        0.019561     15336639.23
      100000     300000    4        0.013144     22824102.25
      100000     300000    8        0.009589     31285848.37
      100000     300000   16        0.012754     23522032.30
      100000     300000   32        0.041733      7188555.82
      100000     300000   64        0.117077      2562416.19
     1000000    3000000    1        0.620140      4837617.31
     1000000    3000000    2        0.412996      7263992.87
     1000000    3000000    4        0.217177     13813617.46
     1000000    3000000    8        0.103825     28894774.86
     1000000    3000000   16        0.058276     51479168.10
     1000000    4000000   16        0.067306     59430065.67
     1000000    3000000   32        0.062605     47919495.25
     1000000    3000000   64        0.187290     16017940.09
    10000000   30000000    1       13.737127      2183862.75
    10000000   30000000    2        6.970436      4303891.46
    10000000   30000000    4        3.476446      8629502.66
    10000000   30000000    8        1.695694     17691871.29
    10000000   30000000   16        0.850163     35287350.78
    10000000   30000000   32        0.474493     63225379.51
    10000000   30000000   64        0.419435     71524789.30
      100000     400000    1        0.022506     17773038.30
      100000     400000    2        0.024269     16481931.68
      100000     400000    4        0.015489     25824778.88
      100000     400000    8        0.011038     36238448.99
      100000     400000   16        0.014006     28559188.92
      100000     400000   32        0.037222     10746332.81
      100000     400000   64        0.122229      3272545.80
     1000000    4000000    1        0.683859      5849158.96
     1000000    4000000    2        0.476258      8398809.05
     1000000    4000000    4        0.252470     15843466.55
     1000000    4000000    8        0.123571     32370054.46
     1000000    4000000   32        0.075517     52968205.83
     1000000    4000000   64        0.195308     20480471.87
    10000000   40000000    1       15.758006      2538392.23
    10000000   40000000    2        8.187929      4885240.21
    10000000   40000000    4        4.010702      9973316.39
    10000000   40000000    8        2.009949     19901002.46
    10000000   40000000   16        1.002261     39909764.02
    10000000   40000000   32        0.556904     71825664.75
    10000000   40000000   64        0.666532     60012122.45
