############################################################
# Benchmark Host: altair
# Number Of Processors: 8
#
# Number Of Scheduled Runs: 3
# Start Time: 02/17/2008 - 04:32:12
############################################################

#   VERTICES      EDGES PROC Time(Secs) MEDGES/Sec [Run: 1]


      250000    1000000    1   0.044866  22.288593
      250000    1000000    2   0.035524  28.149983
      250000    1000000    4   0.041555  24.064493
      250000    1000000    6   0.055501  18.017693
      250000    1000000    8   0.070674  14.149475


     1000000    4000000    1   0.252112  15.865964
     1000000    4000000    2   0.192991  20.726355
     1000000    4000000    4   0.136168  29.375477
     1000000    4000000    6   0.164372  24.335045
     1000000    4000000    8   0.204696  19.541173


     4000000   16000000    1   1.840226   8.694584
     4000000   16000000    2   1.208099  13.243948
     4000000   16000000    4   0.981833  16.296050
     4000000   16000000    6   0.787129  20.327037
     4000000   16000000    8   0.906927  17.641993


     9000000   36000000    1   5.895563   6.106287
     9000000   36000000    2   3.107869  11.583500
     9000000   36000000    4   1.755507  20.506896
     9000000   36000000    6   1.794316  20.063356
     9000000   36000000    8   2.110792  17.055210

#   VERTICES      EDGES PROC Time(Secs) MEDGES/Sec [Run: 2]


      250000    1000000    1   0.042398  23.586018
      250000    1000000    2   0.034109  29.317775
      250000    1000000    4   0.041902  23.865209
      250000    1000000    6   0.054954  18.197038
      250000    1000000    8   0.070502  14.183995


     1000000    4000000    1   0.251859  15.881902
     1000000    4000000    2   0.163220  24.506801
     1000000    4000000    4   0.153198  26.110001
     1000000    4000000    6   0.178367  22.425673
     1000000    4000000    8   0.209095  19.130060


     4000000   16000000    1   2.073372   7.716898
     4000000   16000000    2   1.339152  11.947860
     4000000   16000000    4   0.734381  21.787056
     4000000   16000000    6   0.783944  20.409621
     4000000   16000000    8   0.846300  18.905825


     9000000   36000000    1   5.465660   6.586579
     9000000   36000000    2   3.243205  11.100131
     9000000   36000000    4   1.764080  20.407238
     9000000   36000000    6   2.541980  14.162189
     9000000   36000000    8   2.196194  16.391995

#   VERTICES      EDGES PROC Time(Secs) MEDGES/Sec [Run: 3]


      250000    1000000    1   0.043170  23.164234
      250000    1000000    2   0.037338  26.782366
      250000    1000000    4   0.041939  23.844155
      250000    1000000    6   0.057346  17.438008
      250000    1000000    8   0.071427  14.000308


     1000000    4000000    1   0.246625  16.218956
     1000000    4000000    2   0.181882  21.992281
     1000000    4000000    4   0.173115  23.106028
     1000000    4000000    6   0.168841  23.690928
     1000000    4000000    8   0.196918  20.313024


     4000000   16000000    1   1.844352   8.675134
     4000000   16000000    2   1.341915  11.923259
     4000000   16000000    4   1.197863  13.357120
     4000000   16000000    6   0.748270  21.382656
     4000000   16000000    8   0.890681  17.963783


     9000000   36000000    1   5.907149   6.094310
     9000000   36000000    2   3.070338  11.725093
     9000000   36000000    4   2.361934  15.241747
     9000000   36000000    6   1.920296  18.747110
     9000000   36000000    8   2.214766  16.254539


############################################################
# End Time: 02/17/2008 - 04:54:41
############################################################
