XWS
############################################################
# Benchmark Host: moxie
# Number Of Processors: 32
#
# Number Of Scheduled Runs: 1
# Start Time: 01/16/2008 - 02:51:10
############################################################
# =================================================================
#   VERTICES      EDGES PROC  TIME(Sec)       EDGES/Sec [Run: 1]
# =================================================================
      100000     400000    1   0.131659      3.04
      100000     400000    2   0.095423      4.19
      100000     400000    4   0.043316      9.23
      100000     400000    8   0.031445     12.72
      100000     400000   16   0.023670     16.90
      100000     400000   32   0.027562     14.51
     1000000    4000000    1   1.470636      2.72
     1000000    4000000    2   0.775119      5.16
     1000000    4000000    4   0.392142     10.20
     1000000    4000000    8   0.213414     18.74
     1000000    4000000   16   0.174485     22.92
     1000000    4000000   32   0.130233     30.71
    10000000   40000000    1  23.368907      1.71
    10000000   40000000    2  11.633105      3.43
    10000000   40000000    4   5.928880      6.75
    10000000   40000000    8   3.177943     12.59
    10000000   40000000   16   1.885504     21.21
    10000000   40000000   32   1.428941     27.99

############################################################
# Benchmark Host: moxie -- Cilk
# Number Of Processors: 32
#
# Number Of Scheduled Runs: 3
# Start Time: 01/11/2008 - 06:12:15
############################################################


#    VERTICS      EDGES PARTS PROCS  TIME(Sec)     MEDGES/Sec
      100000     400000    64     1   0.039049     10.24
      100000     400000    64     2   0.033137     12.07
      100000     400000    64     4   0.038232     10.46
      100000     400000    64     8   0.038608     10.36
      100000     400000    64    16   0.038212     10.47
      100000     400000    64    32   0.039576     10.11
     1000000    4000000    64     1   1.128293      3.55
     1000000    4000000    64     2   0.587805      6.80
     1000000    4000000    64     4   0.432169      9.26
     1000000    4000000    64     8   0.399199     10.02
     1000000    4000000    64    16   0.367493     10.88
     1000000    4000000    64    32   0.374854     10.67
    10000000   40000000    64     1  15.774490      2.54
    10000000   40000000    64     2   7.946541      5.03
    10000000   40000000    64     4   4.208471      9.50
    10000000   40000000    64     8   2.442842     16.37
    10000000   40000000    64    16   1.747519     22.89
    10000000   40000000    64    32   1.537162     26.02
      100000     400000   128     1   0.041122      9.73
      100000     400000   128     2   0.035187     11.37
      100000     400000   128     4   0.040016     10.00
      100000     400000   128     8   0.039848     10.04
      100000     400000   128    16   0.040383      9.91
      100000     400000   128    32   0.041111      9.73
     1000000    4000000   128     1   1.134376      3.53
     1000000    4000000   128     2   0.593739      6.74
     1000000    4000000   128     4   0.415732      9.62
     1000000    4000000   128     8   0.369301     10.83
     1000000    4000000   128    16   0.353198     11.33
     1000000    4000000   128    32   0.466898      8.57
    10000000   40000000   128     1  15.782093      2.53
    10000000   40000000   128     2   7.973609      5.02
    10000000   40000000   128     4   4.213172      9.49
    10000000   40000000   128     8   2.434210     16.43
    10000000   40000000   128    16   1.632392     24.50
    10000000   40000000   128    32   1.463084     27.34

SpanT
# ===========================================================================
# [Run: 1] (Timings[COLS 4/8]: Seconds)
#   VERTICES      EDGES PROC     BFS[KGraph]       EDGES/Sec
# ===========================================================================

      100000     400000    1        0.049127      8.14
      100000     400000    2        0.026249     15.23
      100000     400000    4        0.017251     23.19
      100000     400000    8        0.014875     26.89
      100000     400000   16        0.020616     19.40
      100000     400000   32        0.037376     10.70
     1000000    4000000    1        1.145881      3.49
     1000000    4000000    2        0.577085      6.93
     1000000    4000000    4        0.299143     13.37
     1000000    4000000    8        0.169796     23.56
     1000000    4000000   16        0.112681     35.50
     1000000    4000000   32        0.121596     32.90
    10000000   40000000    1       20.412608      1.96
    10000000   40000000    2        9.905277      4.04
    10000000   40000000    4        5.034349      7.95
    10000000   40000000    8        2.673964     14.96
    10000000   40000000   16        1.530049     26.14
    10000000   40000000   32        1.203618     33.23
