############################################################
# Benchmark Host: altair
# Number Of Processors: 8
#
# Number Of Scheduled Runs: 3
# Start Time: 02/17/2008 - 04:32:12
############################################################

#   VERTICES      EDGES PROC Time(Secs) MEDGES/Sec [Run: 1]


      250000    1000000    1   0.189620   5.273705
      250000    1000000    2   0.146705   6.816400
      250000    1000000    4   0.101232   9.878299
      250000    1000000    6   0.089982  11.113334
      250000    1000000    8   0.092051  10.863543


     1000000    4000000    1   1.275667   3.135615
     1000000    4000000    2   1.036724   3.858308
     1000000    4000000    4   0.826438   4.840048
     1000000    4000000    6   0.848790   4.712591
     1000000    4000000    8   0.961502   4.160158


     4000000   16000000    1   5.900581   2.711597
     4000000   16000000    2   5.157967   3.101997
     4000000   16000000    4   4.583676   3.490648
     4000000   16000000    6   4.259267   3.756515
     4000000   16000000    8   4.771583   3.353185


     9000000   36000000    1  17.984905   2.001679
     9000000   36000000    2  12.098387   2.975603
     9000000   36000000    4  10.555125   3.410665
     9000000   36000000    6  10.983552   3.277628
     9000000   36000000    8  12.960025   2.777772

#   VERTICES      EDGES PROC Time(Secs) MEDGES/Sec [Run: 2]


      250000    1000000    1   0.189648   5.272927
      250000    1000000    2   0.130590   7.657554
      250000    1000000    4   0.090533  11.045696
      250000    1000000    6   0.090514  11.048015
      250000    1000000    8   0.071381  14.009330


     1000000    4000000    1   1.267020   3.157014
     1000000    4000000    2   0.950426   4.208639
     1000000    4000000    4   0.841981   4.750701
     1000000    4000000    6   0.944415   4.235426
     1000000    4000000    8   0.820366   4.875872


     4000000   16000000    1   5.860044   2.730355
     4000000   16000000    2   5.489065   2.914886
     4000000   16000000    4   4.589062   3.486551
     4000000   16000000    6   4.430086   3.611668
     4000000   16000000    8   4.173676   3.833551


     9000000   36000000    1  17.218971   2.090717
     9000000   36000000    2  14.718284   2.445937
     9000000   36000000    4  10.422815   3.453961
     9000000   36000000    6   8.264677   4.355887
     9000000   36000000    8  12.738764   2.826020

#   VERTICES      EDGES PROC Time(Secs) MEDGES/Sec [Run: 3]


      250000    1000000    1   0.212869   4.697725
      250000    1000000    2   0.161710   6.183909
      250000    1000000    4   0.099294  10.071102
      250000    1000000    6   0.081384  12.287428
      250000    1000000    8   0.073562  13.593975


     1000000    4000000    1   1.266934   3.157228
     1000000    4000000    2   1.038199   3.852826
     1000000    4000000    4   0.983656   4.066462
     1000000    4000000    6   0.919048   4.352330
     1000000    4000000    8   0.974464   4.104821


     4000000   16000000    1   5.857692   2.731451
     4000000   16000000    2   5.626260   2.843807
     4000000   16000000    4   4.563946   3.505738
     4000000   16000000    6   4.034454   3.965840
     4000000   16000000    8   4.665535   3.429403


     9000000   36000000    1  17.139290   2.100437
     9000000   36000000    2  12.603621   2.856322
     9000000   36000000    4   9.912566   3.631754
     9000000   36000000    6  10.325649   3.486464
     9000000   36000000    8  11.708460   3.074700


############################################################
# End Time: 02/17/2008 - 04:54:41
############################################################
