############################################################
# Benchmark Host: v20n24.pbm.ihost.com
# Number Of Processors: 16
#
# Number Of Scheduled Runs: 3
# Start Time: 02/22/2008 - 02:23:45
############################################################

#    VERTICS      EDGES NPROC  TIME(Sec) MEDGES/Sec   STEALS ATTEMPTS [Run: 1]

      250000    1000000     1   0.161900   6.176652        0        0
      250000    1000000     2   0.096500  10.362694       12       60
      250000    1000000     4   0.053000  18.867925       30      520
      250000    1000000     6   0.036800  27.173913       41      690
      250000    1000000     8   0.028600  34.965035       71     1992
      250000    1000000    10   0.022800  43.859649       64     2278
      250000    1000000    12   0.019700  50.761421       89     2980
      250000    1000000    14   0.016900  59.171598       79     4464
      250000    1000000    16   0.015600  64.102564      151     5323

#    VERTICS      EDGES NPROC  TIME(Sec) MEDGES/Sec   STEALS ATTEMPTS [Run: 1]

     1000000    4000000     1   1.365500   2.929330        0        0
     1000000    4000000     2   0.669200   5.977286       14       68
     1000000    4000000     4   0.319000  12.539185       37      700
     1000000    4000000     6   0.205300  19.483682       46      798
     1000000    4000000     8   0.159100  25.141420       77     1614
     1000000    4000000    10   0.130500  30.651341       86     2460
     1000000    4000000    12   0.103300  38.722168      106     3533
     1000000    4000000    14   0.091100  43.907794      122     4468
     1000000    4000000    16   0.078600  50.890585      143     6742

#    VERTICS      EDGES NPROC  TIME(Sec) MEDGES/Sec   STEALS ATTEMPTS [Run: 1]

     4000000   16000000     1   6.666500   2.400060        0        0
     4000000   16000000     2   3.282700   4.874037       15      358
     4000000   16000000     4   1.624400   9.849791       59     1118
     4000000   16000000     6   1.065300  15.019243       74     1582
     4000000   16000000     8   0.798300  20.042591       85     3492
     4000000   16000000    10   0.667800  23.959269       83     5730
     4000000   16000000    12   0.529200  30.234316      101     4734
     4000000   16000000    14   0.462400  34.602076      127     6220
     4000000   16000000    16   0.422400  37.878788      114    14299

#    VERTICS      EDGES NPROC  TIME(Sec) MEDGES/Sec   STEALS ATTEMPTS [Run: 1]

     9000000   36000000     1  16.886000   2.131944        0        0
     9000000   36000000     2   8.416300   4.277414      139      334
     9000000   36000000     4   4.117300   8.743594       40     3238
     9000000   36000000     6   2.731200  13.181019       87     4718
     9000000   36000000     8   2.051700  17.546425       85     6470
     9000000   36000000    10   1.590900  22.628701      107     8048
     9000000   36000000    12   1.372200  26.235243      129    10022
     9000000   36000000    14   1.188200  30.297930      191     6920
     9000000   36000000    16   1.053100  34.184788      157    14075

#    VERTICS      EDGES NPROC  TIME(Sec) MEDGES/Sec   STEALS ATTEMPTS [Run: 2]

      250000    1000000     1   0.192700   5.189414        0        0
      250000    1000000     2   0.100600   9.940358       16      116
      250000    1000000     4   0.053600  18.656716       32      500
      250000    1000000     6   0.036700  27.247956       74      976
      250000    1000000     8   0.029600  33.783784       98     1778
      250000    1000000    10   0.023300  42.918455       77     2838
      250000    1000000    12   0.019100  52.356021       88     3286
      250000    1000000    14   0.016300  61.349693       77     4790
      250000    1000000    16   0.015700  63.694268      130     5446

#    VERTICS      EDGES NPROC  TIME(Sec) MEDGES/Sec   STEALS ATTEMPTS [Run: 2]

     1000000    4000000     1   1.370800   2.918004        0        0
     1000000    4000000     2   0.653000   6.125574       55      198
     1000000    4000000     4   0.319300  12.527404       36      554
     1000000    4000000     6   0.205500  19.464720       44      846
     1000000    4000000     8   0.158600  25.220681       91     1742
     1000000    4000000    10   0.129700  30.840401       87     2168
     1000000    4000000    12   0.103300  38.722168       94     4348
     1000000    4000000    14   0.090200  44.345898      119     4156
     1000000    4000000    16   0.078400  51.020408      112     7786

#    VERTICS      EDGES NPROC  TIME(Sec) MEDGES/Sec   STEALS ATTEMPTS [Run: 2]

     4000000   16000000     1   6.631400   2.412764        0        0
     4000000   16000000     2   3.259500   4.908728       15      270
     4000000   16000000     4   1.623800   9.853430       26     1164
     4000000   16000000     6   1.064800  15.026296       68     1722
     4000000   16000000     8   0.800000  20.000000       77     3510
     4000000   16000000    10   0.669500  23.898432       79     5773
     4000000   16000000    12   0.527600  30.326005       75     4246
     4000000   16000000    14   0.463900  34.490192      107     6588
     4000000   16000000    16   0.420800  38.022814      106    14087

#    VERTICS      EDGES NPROC  TIME(Sec) MEDGES/Sec   STEALS ATTEMPTS [Run: 2]

     9000000   36000000     1  16.473100   2.185381        0        0
     9000000   36000000     2   8.021100   4.488162       24       96
     9000000   36000000     4   4.137900   8.700065       78     2332
     9000000   36000000     6   2.721300  13.228971      177     4758
     9000000   36000000     8   2.056400  17.506322      102     5502
     9000000   36000000    10   1.662400  21.655438      118     3744
     9000000   36000000    12   1.376800  26.147589      114     9766
     9000000   36000000    14   1.183900  30.407974      130    12449
     9000000   36000000    16   1.053400  34.175052      130    13643

#    VERTICS      EDGES NPROC  TIME(Sec) MEDGES/Sec   STEALS ATTEMPTS [Run: 3]

      250000    1000000     1   0.178100   5.614823        0        0
      250000    1000000     2   0.097200  10.288066       11       58
      250000    1000000     4   0.054300  18.416206       24      542
      250000    1000000     6   0.037400  26.737968       57      852
      250000    1000000     8   0.028700  34.843206       59     1250
      250000    1000000    10   0.023000  43.478261       71     2097
      250000    1000000    12   0.019800  50.505051      104     4436
      250000    1000000    14   0.017000  58.823529       96     6971
      250000    1000000    16   0.014600  68.493151      112     5210

#    VERTICS      EDGES NPROC  TIME(Sec) MEDGES/Sec   STEALS ATTEMPTS [Run: 3]

     1000000    4000000     1   1.361700   2.937505        0        0
     1000000    4000000     2   0.665500   6.010518       27      124
     1000000    4000000     4   0.321700  12.433945       50      604
     1000000    4000000     6   0.204000  19.607843       58     1100
     1000000    4000000     8   0.159300  25.109856       94     1530
     1000000    4000000    10   0.128100  31.225605       75     2120
     1000000    4000000    12   0.104100  38.424592       94     3992
     1000000    4000000    14   0.088900  44.994376       95     4789
     1000000    4000000    16   0.078300  51.085568      135     5572

#    VERTICS      EDGES NPROC  TIME(Sec) MEDGES/Sec   STEALS ATTEMPTS [Run: 3]

     4000000   16000000     1   6.572100   2.434534        0        0
     4000000   16000000     2   3.323000   4.814926       12      292
     4000000   16000000     4   1.621100   9.869841       54     1450
     4000000   16000000     6   1.066400  15.003751       67     1690
     4000000   16000000     8   0.803400  19.915360       81     3024
     4000000   16000000    10   0.653800  24.472316      100     5616
     4000000   16000000    12   0.546900  29.255805      133     4481
     4000000   16000000    14   0.462400  34.602076      120     6342
     4000000   16000000    16   0.421700  37.941665      121    14976

#    VERTICS      EDGES NPROC  TIME(Sec) MEDGES/Sec   STEALS ATTEMPTS [Run: 3]

     9000000   36000000     1  16.675200   2.158895        0        0
     9000000   36000000     2   8.161400   4.411008       63      654
     9000000   36000000     4   4.173800   8.625234       79     3340
     9000000   36000000     6   2.716400  13.252835      100     3646
     9000000   36000000     8   2.057200  17.499514       83     5566
     9000000   36000000    10   1.613200  22.315894      199    10583
     9000000   36000000    12   1.384900  25.994657      118     8694
     9000000   36000000    14   1.187800  30.308133      133    11792
     9000000   36000000    16   1.060400  33.949453      145    14480


############################################################
# End Time: 02/22/2008 - 05:16:28
############################################################
