############################################################
# Benchmark Host: altair
# Number Of Processors: 8
#
# Number Of Scheduled Runs: 3
# Start Time: 02/17/2008 - 05:10:00
############################################################

#    VERTICS      EDGES PROC Time(Secs) MEDGES/Sec [Run: 1]


      250000    1000000    1   0.080597  12.407410
      250000    1000000    2   0.049271  20.295914
      250000    1000000    4   0.035260  28.360749
      250000    1000000    6   0.031474  31.772256
      250000    1000000    8   0.029043  34.431705


     1000000    4000000    1   0.423162   9.452645
     1000000    4000000    2   0.254835  15.696431
     1000000    4000000    4   0.197390  20.264451
     1000000    4000000    6   0.187374  21.347679
     1000000    4000000    8   0.172760  23.153508


     4000000   16000000    1   2.382877   6.714572
     4000000   16000000    2   1.428276  11.202317
     4000000   16000000    4   0.777471  20.579546
     4000000   16000000    6   0.937663  17.063700
     4000000   16000000    8   0.450467  35.518695


     9000000   36000000    1   7.766369   4.635371
     9000000   36000000    2   3.926710   9.167980
     9000000   36000000    4   2.075487  17.345327
     9000000   36000000    6   2.349294  15.323753
     9000000   36000000    8   1.554866  23.153121

#    VERTICS      EDGES PROC Time(Secs) MEDGES/Sec [Run: 2]


      250000    1000000    1   0.101661   9.836614
      250000    1000000    2   0.046014  21.732516
      250000    1000000    4   0.035256  28.363966
      250000    1000000    6   0.031174  32.078014
      250000    1000000    8   0.029105  34.358358


     1000000    4000000    1   0.433353   9.230350
     1000000    4000000    2   0.255372  15.663424
     1000000    4000000    4   0.197725  20.230118
     1000000    4000000    6   0.179503  22.283750
     1000000    4000000    8   0.193698  20.650704


     4000000   16000000    1   2.383159   6.713778
     4000000   16000000    2   1.379787  11.595993
     4000000   16000000    4   0.767786  20.839140
     4000000   16000000    6   0.590531  27.094259
     4000000   16000000    8   0.510462  31.344155


     9000000   36000000    1   7.319553   4.918333
     9000000   36000000    2   3.968311   9.071870
     9000000   36000000    4   2.072792  17.367879
     9000000   36000000    6   1.488382  24.187339
     9000000   36000000    8   2.359661  15.256429

#    VERTICS      EDGES PROC Time(Secs) MEDGES/Sec [Run: 3]


      250000    1000000    1   0.083209  12.017931
      250000    1000000    2   0.050041  19.983613
      250000    1000000    4   0.034566  28.930163
      250000    1000000    6   0.031218  32.032802
      250000    1000000    8   0.028296  35.340684


     1000000    4000000    1   0.429248   9.318622
     1000000    4000000    2   0.283397  14.114475
     1000000    4000000    4   0.196882  20.316738
     1000000    4000000    6   0.185688  21.541510
     1000000    4000000    8   0.186427  21.456120


     4000000   16000000    1   2.705913   5.912977
     4000000   16000000    2   1.449763  11.036287
     4000000   16000000    4   0.776778  20.597906
     4000000   16000000    6   0.919200  17.406440
     4000000   16000000    8   0.453203  35.304268


     9000000   36000000    1   6.303685   5.710945
     9000000   36000000    2   3.671846   9.804333
     9000000   36000000    4   2.099049  17.150624
     9000000   36000000    6   1.485375  24.236304
     9000000   36000000    8   1.217613  29.566044


############################################################
# End Time: 02/17/2008 - 06:06:11
############################################################
