############################################################
# Benchmark Host: moxie
# Number Of Processors: 32
#
# Number Of Scheduled Runs: 3
# Start Time: 01/17/2008 - 20:17:30
############################################################
#
# Run: 1
#
# =================================================================
#   VERTICES      EDGES PROC  TIME(Sec)       EDGES/Sec [Run: 1]
# =================================================================
       90000     360000    1   0.830740       433348.51
       90000     360000    2   0.421573       853944.98
       90000     360000    4   0.217334      1656436.55
       90000     360000    8   0.117491      3064069.18
       90000     360000   16   0.063103      5704961.00
       90000     360000   32   0.571926       629452.18
      810000    3240000    1   9.011371       359545.75
      810000    3240000    2   4.560639       710426.81
      810000    3240000    4   2.349505      1379013.72
      810000    3240000    8   1.299834      2492626.06
      810000    3240000   16   0.760173      4262187.23
      810000    3240000   32   1.654996      1957708.78
     7290000   29160000    1  93.433781       312092.69
     7290000   29160000    2  48.394759       602544.59
     7290000   29160000    4  29.526231       987596.41
     7290000   29160000    8  14.968510      1948089.64
     7290000   29160000   16   8.344999      3494308.53
     7290000   29160000   32   7.878715      3701111.06
# =================================================================
#   VERTICES      EDGES PROC  TIME(Sec)       EDGES/Sec [Run: 2]
# =================================================================
       90000     360000    1   0.830995       433215.71
       90000     360000    2   0.477842       753386.66
       90000     360000    4   0.220952      1629311.96
       90000     360000    8   0.117340      3067996.54
       90000     360000   16   0.068401      5263094.03
       90000     360000   32   0.392248       917785.78
      810000    3240000    1   9.012912       359484.25
      810000    3240000    2   4.553380       711559.31
      810000    3240000    4   2.351852      1377637.66
      810000    3240000    8   1.305913      2481021.92
      810000    3240000   16   0.775148      4179846.86
      810000    3240000   32   1.081343      2996273.25
     7290000   29160000    1  93.262261       312666.66
     7290000   29160000    2  48.419599       602235.47
     7290000   29160000    4  26.792928      1088346.91
     7290000   29160000    8  14.991599      1945089.40
     7290000   29160000   16   8.348339      3492910.48
     7290000   29160000   32   7.487839      3894314.35
# =================================================================
#   VERTICES      EDGES PROC  TIME(Sec)       EDGES/Sec [Run: 3]
# =================================================================
       90000     360000    1   0.828738       434395.58
       90000     360000    2   0.421399       854298.25
       90000     360000    4   0.218372      1648565.96
       90000     360000    8   0.117705      3058491.35
       90000     360000   16   0.070960      5073264.99
       90000     360000   32   0.500896       718711.65
      810000    3240000    1   9.027604       358899.22
      810000    3240000    2   5.083750       637324.83
      810000    3240000    4   2.365834      1369495.86
      810000    3240000    8   1.305815      2481208.46
      810000    3240000   16   0.773385      4189377.55
      810000    3240000   32   1.630152      1987544.82
     7290000   29160000    1  93.235556       312756.22
     7290000   29160000    2  48.374373       602798.51
     7290000   29160000    4  26.799160      1088093.82
     7290000   29160000    8  14.996446      1944460.76
     7290000   29160000   16   8.334480      3498718.55
     7290000   29160000   32   8.150166      3577841.38
