############################################################
# Benchmark Host: v20n46.pbm.ihost.com
# Number Of Processors: 16
#
# Number Of Scheduled Runs: 3
# Start Time: 02/21/2008 - 02:41:03
############################################################


#    VERTICS      EDGES PROCS  TIME(Sec) MEDGES/Sec [Run: 1]



      250000    1000000     1   0.057726  17.323217
      250000    1000000     2   0.051206  19.528961
      250000    1000000     4   0.051997  19.231879
      250000    1000000     6   0.053537  18.678671
      250000    1000000     8   0.053572  18.666468
      250000    1000000    10   0.053851  18.569757
      250000    1000000    12   0.055686  17.957835
      250000    1000000    14   0.059166  16.901599
      250000    1000000    16   0.066306  15.081591


     1000000    4000000     1   0.453985   8.810864
     1000000    4000000     2   0.275909  14.497534
     1000000    4000000     4   0.197418  20.261577
     1000000    4000000     6   0.179883  22.236676
     1000000    4000000     8   0.172258  23.220982
     1000000    4000000    10   0.168431  23.748597
     1000000    4000000    12   0.167772  23.841881
     1000000    4000000    14   0.174275  22.952231
     1000000    4000000    16   0.195736  20.435689


     4000000   16000000     1   2.472877   6.470196
     4000000   16000000     2   1.362773  11.740767
     4000000   16000000     4   0.810796  19.733694
     4000000   16000000     6   0.652951  24.504136
     4000000   16000000     8   0.572816  27.932181
     4000000   16000000    10   0.531100  30.126153
     4000000   16000000    12   0.510566  31.337770
     4000000   16000000    14   0.511235  31.296762
     4000000   16000000    16   0.549977  29.092126


     9000000   36000000     1   6.390575   5.633296
     9000000   36000000     2   3.490514  10.313667
     9000000   36000000     4   1.945514  18.504107
     9000000   36000000     6   1.463764  24.594129
     9000000   36000000     8   1.229779  29.273552
     9000000   36000000    10   1.102302  32.658927
     9000000   36000000    12   1.011889  35.577025
     9000000   36000000    14   1.003832  35.862575
     9000000   36000000    16   1.054542  34.138043


#    VERTICS      EDGES PROCS  TIME(Sec) MEDGES/Sec [Run: 2]



      250000    1000000     1   0.075911  13.173321
      250000    1000000     2   0.055597  17.986582
      250000    1000000     4   0.053194  18.799113
      250000    1000000     6   0.053451  18.708724
      250000    1000000     8   0.054073  18.493518
      250000    1000000    10   0.054724  18.273518
      250000    1000000    12   0.055833  17.910555
      250000    1000000    14   0.059279  16.869380
      250000    1000000    16   0.066363  15.068638


     1000000    4000000     1   0.454222   8.806267
     1000000    4000000     2   0.272077  14.701720
     1000000    4000000     4   0.200454  19.954703
     1000000    4000000     6   0.182315  21.940049
     1000000    4000000     8   0.173173  23.098289
     1000000    4000000    10   0.166559  24.015514
     1000000    4000000    12   0.166902  23.966160
     1000000    4000000    14   0.173158  23.100290
     1000000    4000000    16   0.201405  19.860480


     4000000   16000000     1   2.509417   6.375983
     4000000   16000000     2   1.325219  12.073476
     4000000   16000000     4   0.807925  19.803818
     4000000   16000000     6   0.655152  24.421814
     4000000   16000000     8   0.571330  28.004831
     4000000   16000000    10   0.516302  30.989615
     4000000   16000000    12   0.510803  31.323230
     4000000   16000000    14   0.506853  31.567338
     4000000   16000000    16   0.552261  28.971809


     9000000   36000000     1   6.501730   5.536988
     9000000   36000000     2   3.363580  10.702882
     9000000   36000000     4   1.847397  19.486878
     9000000   36000000     6   1.468378  24.516848
     9000000   36000000     8   1.231601  29.230246
     9000000   36000000    10   1.116438  32.245409
     9000000   36000000    12   1.020683  35.270500
     9000000   36000000    14   1.010481  35.626598
     9000000   36000000    16   1.045434  34.435459


#    VERTICS      EDGES PROCS  TIME(Sec) MEDGES/Sec [Run: 3]



      250000    1000000     1   0.069731  14.340824
      250000    1000000     2   0.056525  17.691287
      250000    1000000     4   0.052717  18.969213
      250000    1000000     6   0.053935  18.540836
      250000    1000000     8   0.053656  18.637245
      250000    1000000    10   0.053863  18.565620
      250000    1000000    12   0.056389  17.733955
      250000    1000000    14   0.059467  16.816049
      250000    1000000    16   0.066729  14.985988


     1000000    4000000     1   0.451220   8.864855
     1000000    4000000     2   0.270679  14.777652
     1000000    4000000     4   0.200832  19.917145
     1000000    4000000     6   0.180894  22.112397
     1000000    4000000     8   0.171161  23.369810
     1000000    4000000    10   0.167666  23.856954
     1000000    4000000    12   0.167681  23.854820
     1000000    4000000    14   0.174904  22.869689
     1000000    4000000    16   0.192615  20.766815


     4000000   16000000     1   2.520422   6.348143
     4000000   16000000     2   1.339141  11.947958
     4000000   16000000     4   0.806553  19.837506
     4000000   16000000     6   0.656498  24.371742
     4000000   16000000     8   0.572682  27.938716
     4000000   16000000    10   0.526670  30.379555
     4000000   16000000    12   0.512484  31.220487
     4000000   16000000    14   0.509774  31.386458
     4000000   16000000    16   0.548746  29.157388


     9000000   36000000     1   6.449759   5.581604
     9000000   36000000     2   3.492857  10.306749
     9000000   36000000     4   1.915654  18.792538
     9000000   36000000     6   1.471868  24.458715
     9000000   36000000     8   1.227791  29.320951
     9000000   36000000    10   1.106371  32.538814
     9000000   36000000    12   1.040803  34.588678
     9000000   36000000    14   1.013206  35.530781
     9000000   36000000    16   1.083713  33.219127


############################################################
# End Time: 02/21/2008 - 02:52:01
############################################################
