############################################################
# Benchmark Host: v20n32.pbm.ihost.com
# Number Of Processors: 16
#
# Number Of Scheduled Runs: 3
# Start Time: 02/22/2008 - 03:02:55
############################################################

#    VERTICS      EDGES PROC Time(Secs) MEDGES/Sec [Run: 1]


      250000    1000000    1   0.082313  12.148749
      250000    1000000    2   0.049419  20.235132
      250000    1000000    4   0.027059  36.956281
      250000    1000000    6   0.019820  50.454087
      250000    1000000    8   0.016364  61.109753
      250000    1000000   10   0.014447  69.218523
      250000    1000000   12   0.013585  73.610600
      250000    1000000   14   0.013364  74.827896
      250000    1000000   16   0.012664  78.963992


     1000000    4000000    1   0.696428   5.743594
     1000000    4000000    2   0.346971  11.528341
     1000000    4000000    4   0.174594  22.910295
     1000000    4000000    6   0.116246  34.409786
     1000000    4000000    8   0.087959  45.475733
     1000000    4000000   10   0.072814  54.934491
     1000000    4000000   12   0.062284  64.221951
     1000000    4000000   14   0.055078  72.624278
     1000000    4000000   16   0.049568  80.697224


     4000000   16000000    1   4.421692   3.618524
     4000000   16000000    2   2.151532   7.436561
     4000000   16000000    4   1.045722  15.300434
     4000000   16000000    6   0.693522  23.070645
     4000000   16000000    8   0.520394  30.745935
     4000000   16000000   10   0.423362  37.792716
     4000000   16000000   12   0.355871  44.960112
     4000000   16000000   14   0.309435  51.707144
     4000000   16000000   16   0.271947  58.834994


     9000000   36000000    1  12.713409   2.831656
     9000000   36000000    2   6.424287   5.603735
     9000000   36000000    4   3.059414  11.766959
     9000000   36000000    6   1.989561  18.094444
     9000000   36000000    8   1.493982  24.096676
     9000000   36000000   10   1.206798  29.831007
     9000000   36000000   12   1.007835  35.720133
     9000000   36000000   14   0.871063  41.328813
     9000000   36000000   16   0.773191  46.560294

#    VERTICS      EDGES PROC Time(Secs) MEDGES/Sec [Run: 2]


      250000    1000000    1   0.089244  11.205235
      250000    1000000    2   0.049855  20.058169
      250000    1000000    4   0.027475  36.396724
      250000    1000000    6   0.019907  50.233586
      250000    1000000    8   0.016292  61.379818
      250000    1000000   10   0.014568  68.643602
      250000    1000000   12   0.013834  72.285673
      250000    1000000   14   0.013388  74.693756
      250000    1000000   16   0.012648  79.063884


     1000000    4000000    1   0.694670   5.758130
     1000000    4000000    2   0.352461  11.348773
     1000000    4000000    4   0.175978  22.730114
     1000000    4000000    6   0.115323  34.685189
     1000000    4000000    8   0.087845  45.534749
     1000000    4000000   10   0.072736  54.993401
     1000000    4000000   12   0.062290  64.215765
     1000000    4000000   14   0.055146  72.534726
     1000000    4000000   16   0.049312  81.116158


     4000000   16000000    1   4.609040   3.471439
     4000000   16000000    2   2.115009   7.564980
     4000000   16000000    4   1.059152  15.106425
     4000000   16000000    6   0.692639  23.100056
     4000000   16000000    8   0.527409  30.336987
     4000000   16000000   10   0.423285  37.799591
     4000000   16000000   12   0.359362  44.523350
     4000000   16000000   14   0.308960  51.786639
     4000000   16000000   16   0.272066  58.809260


     9000000   36000000    1  12.452698   2.890940
     9000000   36000000    2   6.596333   5.457578
     9000000   36000000    4   3.048339  11.809710
     9000000   36000000    6   1.944182  18.516785
     9000000   36000000    8   1.497005  24.048016
     9000000   36000000   10   1.187178  30.324012
     9000000   36000000   12   1.003504  35.874296
     9000000   36000000   14   0.865142  41.611666
     9000000   36000000   16   0.763278  47.164991

#    VERTICS      EDGES PROC Time(Secs) MEDGES/Sec [Run: 3]


      250000    1000000    1   0.096112  10.404528
      250000    1000000    2   0.047206  21.183748
      250000    1000000    4   0.027476  36.395400
      250000    1000000    6   0.020101  49.748769
      250000    1000000    8   0.016589  60.280909
      250000    1000000   10   0.014469  69.113277
      250000    1000000   12   0.013717  72.902238
      250000    1000000   14   0.013299  75.193624
      250000    1000000   16   0.012744  78.468299


     1000000    4000000    1   0.710740   5.627937
     1000000    4000000    2   0.356762  11.211956
     1000000    4000000    4   0.172298  23.215592
     1000000    4000000    6   0.117775  33.963065
     1000000    4000000    8   0.088097  45.404497
     1000000    4000000   10   0.073780  54.215234
     1000000    4000000   12   0.062457  64.044062
     1000000    4000000   14   0.055038  72.677059
     1000000    4000000   16   0.049343  81.065197


     4000000   16000000    1   4.475707   3.574854
     4000000   16000000    2   2.186016   7.319251
     4000000   16000000    4   1.057739  15.126605
     4000000   16000000    6   0.705281  22.685993
     4000000   16000000    8   0.526734  30.375863
     4000000   16000000   10   0.411662  38.866837
     4000000   16000000   12   0.361714  44.233842
     4000000   16000000   14   0.308049  51.939789
     4000000   16000000   16   0.271616  58.906692


     9000000   36000000    1  13.422461   2.682071
     9000000   36000000    2   6.366296   5.654779
     9000000   36000000    4   3.008923  11.964414
     9000000   36000000    6   1.978447  18.196090
     9000000   36000000    8   1.483241  24.271174
     9000000   36000000   10   1.197683  30.058037
     9000000   36000000   12   0.984134  36.580384
     9000000   36000000   14   0.867673  41.490285
     9000000   36000000   16   0.762617  47.205871


############################################################
# End Time: 02/22/2008 - 05:49:45
############################################################
