############################################################
# Benchmark Host: altair
# Number Of Processors: 8
#
# Number Of Scheduled Runs: 3
# Start Time: 02/17/2008 - 08:59:00
############################################################


#    VERTICS      EDGES PROCS  TIME(Sec) MEDGES/Sec [Run: 1]



      250000    1000000     1   0.071868  13.914399
      250000    1000000     2   0.055248  18.100203
      250000    1000000     4   0.086001  11.627772
      250000    1000000     6   0.081808  12.223743
      250000    1000000     8   0.075137  13.309022


     1000000    4000000     1   0.354929  11.269860
     1000000    4000000     2   0.223510  17.896291
     1000000    4000000     4   0.225533  17.735764
     1000000    4000000     6   0.236757  16.894960
     1000000    4000000     8   0.254648  15.707958


     4000000   16000000     1   1.974965   8.101409
     4000000   16000000     2   1.215606  13.162159
     4000000   16000000     4   0.782905  20.436707
     4000000   16000000     6   0.674952  23.705389
     4000000   16000000     8   0.834009  19.184445


     9000000   36000000     1   6.168591   5.836017
     9000000   36000000     2   3.285884  10.955956
     9000000   36000000     4   1.928024  18.671967
     9000000   36000000     6   1.544466  23.309027
     9000000   36000000     8   1.512105  23.807870


#    VERTICS      EDGES PROCS  TIME(Sec) MEDGES/Sec [Run: 2]



      250000    1000000     1   0.075939  13.168464
      250000    1000000     2   0.049281  20.291796
      250000    1000000     4   0.074381  13.444294
      250000    1000000     6   0.072018  13.885418
      250000    1000000     8   0.072111  13.867510


     1000000    4000000     1   0.353612  11.311833
     1000000    4000000     2   0.245878  16.268231
     1000000    4000000     4   0.257391  15.540559
     1000000    4000000     6   0.206556  19.365208
     1000000    4000000     8   0.267346  14.961885


     4000000   16000000     1   2.011741   7.953310
     4000000   16000000     2   1.238919  12.914484
     4000000   16000000     4   0.811304  19.721338
     4000000   16000000     6   0.693450  23.073041
     4000000   16000000     8   0.584798  27.359875


     9000000   36000000     1   5.348657   6.730662
     9000000   36000000     2   3.325473  10.825528
     9000000   36000000     4   1.908410  18.863871
     9000000   36000000     6   1.464859  24.575744
     9000000   36000000     8   1.402864  25.661789


#    VERTICS      EDGES PROCS  TIME(Sec) MEDGES/Sec [Run: 3]



      250000    1000000     1   0.072343  13.823037
      250000    1000000     2   0.057482  17.396750
      250000    1000000     4   0.072101  13.869433
      250000    1000000     6   0.064640  15.470297
      250000    1000000     8   0.072093  13.870972


     1000000    4000000     1   0.362145  11.045300
     1000000    4000000     2   0.233027  17.165393
     1000000    4000000     4   0.221418  18.065379
     1000000    4000000     6   0.245319  16.305300
     1000000    4000000     8   0.226857  17.632253


     4000000   16000000     1   2.039982   7.843206
     4000000   16000000     2   1.176058  13.604771
     4000000   16000000     4   0.747502  21.404625
     4000000   16000000     6   0.651754  24.549140
     4000000   16000000     8   0.867473  18.444378


     9000000   36000000     1   6.289839   5.723517
     9000000   36000000     2   3.409100  10.559972
     9000000   36000000     4   1.885534  19.092734
     9000000   36000000     6   1.625350  22.149076
     9000000   36000000     8   1.445368  24.907152


############################################################
# End Time: 02/17/2008 - 09:10:18
############################################################
