############################################################
# Benchmark Host: moxie
# Number Of Processors: 32
#
# Number Of Scheduled Runs: 1
# Start Time: 02/17/2008 - 09:49:34
############################################################

#    VERTICS      EDGES NPROC  TIME(Sec) MEDGES/Sec   STEALS ATTEMPTS [Run: 1]

      250000    1000000     1   0.167300   5.977286        0        0
      250000    1000000     2   0.084700  11.806375        8       40
      250000    1000000     4   0.042500  23.529412       14      347
      250000    1000000     8   0.022800  43.859649       53     1736
      250000    1000000    16   0.013500  74.074074      104     6894
      250000    1000000    20   0.011800  84.745763      144     9816
      250000    1000000    24   0.010300  97.087379      190    12397
      250000    1000000    30   0.010100  99.009901      294    19262
      250000    1000000    32   0.009600 104.166667      337    20641

#    VERTICS      EDGES NPROC  TIME(Sec) MEDGES/Sec   STEALS ATTEMPTS [Run: 1]

     1000000    4000000     1   0.734400   5.446623        0        0
     1000000    4000000     2   0.371100  10.778766        8       50
     1000000    4000000     4   0.189300  21.130481       21      848
     1000000    4000000     8   0.103100  38.797284       31     2525
     1000000    4000000    16   0.056100  71.301248       96     9947
     1000000    4000000    20   0.046500  86.021505      150    12804
     1000000    4000000    24   0.043300  92.378753      216    19023
     1000000    4000000    30   0.038000 105.263158      312    28300
     1000000    4000000    32   0.041400  96.618357      330    29713

#    VERTICS      EDGES NPROC  TIME(Sec) MEDGES/Sec   STEALS ATTEMPTS [Run: 1]

     4000000   16000000     1   3.278200   4.880727        0        0
     4000000   16000000     2   1.662300   9.625218       11       50
     4000000   16000000     4   0.842000  19.002375       33     2434
     4000000   16000000     8   0.448000  35.714286       87     6170
     4000000   16000000    16   0.251700  63.567739      168    16304
     4000000   16000000    20   0.204400  78.277886      201    23023
     4000000   16000000    24   0.191700  83.463745      222    29064
     4000000   16000000    30   0.157200 101.781170      291    42301
     4000000   16000000    32   0.169400  94.451004      415    51946

#    VERTICS      EDGES NPROC  TIME(Sec) MEDGES/Sec   STEALS ATTEMPTS [Run: 1]

     9000000   36000000     1  11.576200   3.109829        0        0
     9000000   36000000     2   5.721100   6.292496       10     1184
     9000000   36000000     4   2.916800  12.342293      118     4989
     9000000   36000000     8   1.545100  23.299463      530    14046
     9000000   36000000    16   0.833100  43.212099      598    28936
     9000000   36000000    20   0.684300  52.608505      546    42701
     9000000   36000000    24   0.615500  58.489033      462    57599
     9000000   36000000    30   0.507700  70.908017      367    75785
     9000000   36000000    32   0.504800  71.315372      404    77551


############################################################
# End Time: 02/17/2008 - 11:28:31
############################################################
