############################################################
# Benchmark Host: v20n28.pbm.ihost.com
# Number Of Processors: 16
#
# Number Of Scheduled Runs: 1
# Start Time: 02/22/2008 - 07:39:20
############################################################

#    VERTICS      EDGES NPROC  TIME(Sec) MEDGES/Sec [Run: 1]

      250000    1000000     1   0.413919   2.415932
      250000    1000000     2   0.190948   5.237019
      250000    1000000     4   0.124828   8.011030
      250000    1000000     6   0.065246  15.326576
      250000    1000000     8   0.053495  18.693432
      250000    1000000    10   0.043659  22.904779
      250000    1000000    12   0.035399  28.249424
      250000    1000000    14   0.033890  29.506975
      250000    1000000    16   0.033803  29.583377

#    VERTICS      EDGES NPROC  TIME(Sec) MEDGES/Sec [Run: 1]

     1000000    4000000     1   2.134444   1.874024
     1000000    4000000     2   1.137774   3.515636
     1000000    4000000     4   0.590503   6.773891
     1000000    4000000     6   0.386725  10.343275
     1000000    4000000     8   0.277129  14.433686
     1000000    4000000    10   0.272828  14.661251
     1000000    4000000    12   0.214901  18.613217
     1000000    4000000    14   0.175384  22.807144
     1000000    4000000    16   0.156048  25.633092

#    VERTICS      EDGES NPROC  TIME(Sec) MEDGES/Sec [Run: 1]

     4000000   16000000     1  13.848954   1.155322
     4000000   16000000     2   7.259790   2.203921
     4000000   16000000     4   4.205251   3.804767
     4000000   16000000     6   3.085859   5.184942
     4000000   16000000     8   2.521920   6.344373
     4000000   16000000    10   2.385900   6.706065
     4000000   16000000    12   2.135314   7.493044
     4000000   16000000    14   2.068957   7.733364
     4000000   16000000    16   2.078870   7.696488

#    VERTICS      EDGES NPROC  TIME(Sec) MEDGES/Sec [Run: 1]

     9000000   36000000     1  43.750978   0.822839
     9000000   36000000     2  24.925540   1.444302
     9000000   36000000     4  11.919516   3.020257
     9000000   36000000     6   8.449660   4.260526
     9000000   36000000     8   7.273117   4.949734
     9000000   36000000    10   6.480696   5.554959
     9000000   36000000    12   5.598300   6.430523
     9000000   36000000    14   5.234279   6.877738
     9000000   36000000    16   5.115214   7.037829


############################################################
# End Time: 02/22/2008 - 08:51:47
############################################################
