############################################################
# Benchmark Host: moxie
# Number Of Processors: 32
#
# Number Of Scheduled Runs: 3
# Start Time: 02/17/2008 - 03:29:55
############################################################

#   VERTICES      EDGES PROC Time(Secs) MEDGES/Sec [Run: 1]


      250000    1000000    1   0.354099   2.824069
      250000    1000000    2   0.172273   5.804740
      250000    1000000    4   0.090644  11.032170
      250000    1000000    8   0.046547  21.483662
      250000    1000000   16   0.035883  27.868350
      250000    1000000   20   0.035628  28.067812
      250000    1000000   24   0.037593  26.600697
      250000    1000000   30   0.056768  17.615558
      250000    1000000   32   0.059354  16.848064


     1000000    4000000    1   2.215925   1.805115
     1000000    4000000    2   1.094972   3.653061
     1000000    4000000    4   0.549225   7.282990
     1000000    4000000    8   0.302720  13.213531
     1000000    4000000   16   0.172984  23.123526
     1000000    4000000   20   0.146745  27.258169
     1000000    4000000   24   0.138243  28.934557
     1000000    4000000   30   0.143129  27.946817
     1000000    4000000   32   0.140875  28.393966


     4000000   16000000    1  13.631956   1.173713
     4000000   16000000    2   6.516849   2.455174
     4000000   16000000    4   3.404624   4.699491
     4000000   16000000    8   1.785695   8.960097
     4000000   16000000   16   0.981159  16.307245
     4000000   16000000   20   0.813688  19.663557
     4000000   16000000   24   0.812420  19.694247
     4000000   16000000   30   0.654505  24.445955
     4000000   16000000   32   0.652702  24.513484


     9000000   36000000    1  36.254599   0.992977
     9000000   36000000    2  16.707965   2.154661
     9000000   36000000    4   8.045003   4.474827
     9000000   36000000    8   4.842576   7.434060
     9000000   36000000   16   2.442437  14.739377
     9000000   36000000   20   2.197365  16.383259
     9000000   36000000   24   1.930861  18.644532
     9000000   36000000   30   1.572075  22.899671
     9000000   36000000   32   1.493170  24.109780
