############################################################
# Benchmark Host: v20n22.pbm.ihost.com
# Number Of Processors: 16
#
# Number Of Scheduled Runs: 3
# Start Time: 02/22/2008 - 02:12:16
############################################################

#    VERTICS      EDGES NPROC  TIME(Sec) MEDGES/Sec   STEALS ATTEMPTS [Run: 1]

      250000    1000000     1   0.080000  12.500000        0        0
      250000    1000000     2   0.041400  24.154589       11       58
      250000    1000000     4   0.021100  47.393365       35      368
      250000    1000000     6   0.013300  75.187970       54      832
      250000    1000000     8   0.010700  93.457944       62     1304
      250000    1000000    10   0.008400 119.047619       73     2540
      250000    1000000    12   0.007400 135.135135       80     2674
      250000    1000000    14   0.006200 161.290323       95     3875
      250000    1000000    16   0.005900 169.491525      159     5067

#    VERTICS      EDGES NPROC  TIME(Sec) MEDGES/Sec   STEALS ATTEMPTS [Run: 1]

     1000000    4000000     1   0.384700  10.397713        0        0
     1000000    4000000     2   0.200700  19.930244       16      120
     1000000    4000000     4   0.096200  41.580042       24      484
     1000000    4000000     6   0.058000  68.965517       65      860
     1000000    4000000     8   0.044200  90.497738      111     2270
     1000000    4000000    10   0.038400 104.166667      147     4688
     1000000    4000000    12   0.029600 135.135135      190     3596
     1000000    4000000    14   0.025200 158.730159      257     4880
     1000000    4000000    16   0.022700 176.211454      280     5452

#    VERTICS      EDGES NPROC  TIME(Sec) MEDGES/Sec   STEALS ATTEMPTS [Run: 1]

     4000000   16000000     1   1.671200   9.573959        0        0
     4000000   16000000     2   0.831800  19.235393      242      752
     4000000   16000000     4   0.415100  38.544929      212     1640
     4000000   16000000     6   0.263000  60.836502      230     2424
     4000000   16000000     8   0.211900  75.507315      317     4484
     4000000   16000000    10   0.162800  98.280098      330     5406
     4000000   16000000    12   0.135700 117.907148      454     7817
     4000000   16000000    14   0.116000 137.931034      409    12131
     4000000   16000000    16   0.106700 149.953140      483     8955

#    VERTICS      EDGES NPROC  TIME(Sec) MEDGES/Sec   STEALS ATTEMPTS [Run: 1]

     9000000   36000000     1   3.738800   9.628758        0        0
     9000000   36000000     2   1.815300  19.831433      350      786
     9000000   36000000     4   0.928400  38.776389      556     4036
     9000000   36000000     6   0.622400  57.840617      514     4770
     9000000   36000000     8   0.456800  78.809107      678     7748
     9000000   36000000    10   0.386200  93.215950      785     5148
     9000000   36000000    12   0.317100 113.528855      639    11982
     9000000   36000000    14   0.273200 131.771596      783    15017
     9000000   36000000    16   0.229800 156.657963      994    19395

#    VERTICS      EDGES NPROC  TIME(Sec) MEDGES/Sec   STEALS ATTEMPTS [Run: 2]

      250000    1000000     1   0.080800  12.376238        0        0
      250000    1000000     2   0.039400  25.380711        8       54
      250000    1000000     4   0.020900  47.846890       21      298
      250000    1000000     6   0.013300  75.187970       64      692
      250000    1000000     8   0.010200  98.039216       55     1276
      250000    1000000    10   0.008600 116.279070       99     1761
      250000    1000000    12   0.007200 138.888889       68     2436
      250000    1000000    14   0.006100 163.934426       65     3525
      250000    1000000    16   0.005900 169.491525       79     3919

#    VERTICS      EDGES NPROC  TIME(Sec) MEDGES/Sec   STEALS ATTEMPTS [Run: 2]

     1000000    4000000     1   0.375100  10.663823        0        0
     1000000    4000000     2   0.190000  21.052632       19      124
     1000000    4000000     4   0.097800  40.899796       35      436
     1000000    4000000     6   0.058500  68.376068       84      868
     1000000    4000000     8   0.044200  90.497738      177     2150
     1000000    4000000    10   0.036600 109.289617      130     2490
     1000000    4000000    12   0.028100 142.348754      168     3564
     1000000    4000000    14   0.025600 156.250000      198     6057
     1000000    4000000    16   0.023900 167.364017      211     7362

#    VERTICS      EDGES NPROC  TIME(Sec) MEDGES/Sec   STEALS ATTEMPTS [Run: 2]

     4000000   16000000     1   1.678800   9.530617        0        0
     4000000   16000000     2   0.801000  19.975031      308      676
     4000000   16000000     4   0.415200  38.535645       94     1450
     4000000   16000000     6   0.262700  60.905976      254     2730
     4000000   16000000     8   0.212800  75.187970      246     4420
     4000000   16000000    10   0.169900  94.173043      444     5382
     4000000   16000000    12   0.137100 116.703136      473     6334
     4000000   16000000    14   0.121600 131.578947      382    11186
     4000000   16000000    16   0.106000 150.943396      441     8649

#    VERTICS      EDGES NPROC  TIME(Sec) MEDGES/Sec   STEALS ATTEMPTS [Run: 2]

     9000000   36000000     1   3.757300   9.581348        0        0
     9000000   36000000     2   1.783000  20.190690       47      160
     9000000   36000000     4   0.936000  38.461538      322     3184
     9000000   36000000     6   0.625500  57.553957      316     4966
     9000000   36000000     8   0.479700  75.046904      484    11156
     9000000   36000000    10   0.382000  94.240838      802     9755
     9000000   36000000    12   0.317500 113.385827      571    11434
     9000000   36000000    14   0.263100 136.830103      775    14833
     9000000   36000000    16   0.230200 156.385752      882    18746

#    VERTICS      EDGES NPROC  TIME(Sec) MEDGES/Sec   STEALS ATTEMPTS [Run: 3]

      250000    1000000     1   0.074000  13.513514        0        0
      250000    1000000     2   0.042100  23.752969        8       68
      250000    1000000     4   0.022300  44.843049       42      350
      250000    1000000     6   0.013600  73.529412       49      722
      250000    1000000     8   0.010500  95.238095       59     1270
      250000    1000000    10   0.008500 117.647059       76     2378
      250000    1000000    12   0.007200 138.888889       66     2686
      250000    1000000    14   0.006200 161.290323       75     4240
      250000    1000000    16   0.005600 178.571429       77     8354

#    VERTICS      EDGES NPROC  TIME(Sec) MEDGES/Sec   STEALS ATTEMPTS [Run: 3]

     1000000    4000000     1   0.380800  10.504202        0        0
     1000000    4000000     2   0.192600  20.768432       12       58
     1000000    4000000     4   0.095400  41.928721       89      658
     1000000    4000000     6   0.055900  71.556351       99     1050
     1000000    4000000     8   0.044000  90.909091      109     2284
     1000000    4000000    10   0.036800 108.695652      176     3206
     1000000    4000000    12   0.028700 139.372822      220     2971
     1000000    4000000    14   0.025600 156.250000      251     5650
     1000000    4000000    16   0.024200 165.289256      277     6687

#    VERTICS      EDGES NPROC  TIME(Sec) MEDGES/Sec   STEALS ATTEMPTS [Run: 3]

     4000000   16000000     1   1.665100   9.609032        0        0
     4000000   16000000     2   0.787600  20.314881       40      116
     4000000   16000000     4   0.414300  38.619358       67     1298
     4000000   16000000     6   0.276500  57.866184      347     4136
     4000000   16000000     8   0.213200  75.046904      341     5490
     4000000   16000000    10   0.170300  93.951850      233     5052
     4000000   16000000    12   0.137100 116.703136      373     6275
     4000000   16000000    14   0.117500 136.170213      532    10078
     4000000   16000000    16   0.101500 157.635468      486    10383

#    VERTICS      EDGES NPROC  TIME(Sec) MEDGES/Sec   STEALS ATTEMPTS [Run: 3]

     9000000   36000000     1   3.767100   9.556423        0        0
     9000000   36000000     2   1.856000  19.396552      197      458
     9000000   36000000     4   0.930800  38.676407      214     2710
     9000000   36000000     6   0.627600  57.361377      617     5458
     9000000   36000000     8   0.481400  74.781886      614     7322
     9000000   36000000    10   0.382300  94.166885      779    10084
     9000000   36000000    12   0.318900 112.888053      972    11646
     9000000   36000000    14   0.277000 129.963899      923    14852
     9000000   36000000    16   0.230600 156.114484      964    17525


############################################################
# End Time: 02/22/2008 - 03:36:39
############################################################
