XWS
############################################################
# Benchmark Host: altair
# Number Of Processors: 8
#
# Number Of Scheduled Runs: 3
# Start Time: 01/11/2008 - 08:37:24
############################################################
# =================================================================
#   VERTICES      EDGES PROC  TIME(Sec)       EDGES/Sec [Run: 2]
# =================================================================
       90000     360000    1   0.044948      8.01
       90000     360000    2   0.636636       .57
       90000     360000    4   0.210424      1.71
       90000     360000    8   0.050748      7.09
      810000    3240000    1   0.472860      6.85
      810000    3240000    2   4.695475       .69
      810000    3240000    4   0.454358      7.13
      810000    3240000    8   0.177521     18.25
     2250000    9000000    1   1.135437      7.93
     2250000    9000000    2   6.534425      1.38
     2250000    9000000    4   2.080496      4.36
     2250000    9000000    8   0.543233     16.57
     4410000   17640000    1   2.870825      6.14
     4410000   17640000    2  11.786108      1.50
     4410000   17640000    4   4.826944      3.65
     4410000   17640000    8   1.339889     13.17
     7290000   29160000    1   4.800544      6.07
     7290000   29160000    2  16.840876      1.73
     7290000   29160000    4   2.027081     14.39
     7290000   29160000    8   0.960932     30.35
Cilk
############################################################
# Benchmark Host: altair
# Number Of Processors: 8
#
# Number Of Scheduled Runs: 3
# Start Time: 01/11/2008 - 03:26:44
############################################################


#    VERTICS      EDGES PARTS PROCS  TIME(Sec)       EDGES/Sec [Run: 1]

       90000     360000    64     1   0.019496     18.47
       90000     360000    64     2   0.019592     18.37
       90000     360000    64     4   0.019541     18.42
       90000     360000    64     8   0.019584     18.38
      810000    3240000    64     1   0.215364     15.04
      810000    3240000    64     2   0.251305     12.89
      810000    3240000    64     4   0.249085     13.01
      810000    3240000    64     8   0.250658     12.93
     2250000    9000000    64     1   0.823111     10.93
     2250000    9000000    64     2   0.890141     10.11
     2250000    9000000    64     4   0.945394      9.52
     2250000    9000000    64     8   0.936028      9.62
     4410000   17640000    64     1   1.917141      9.20
     4410000   17640000    64     2   2.029149      8.69
     4410000   17640000    64     4   2.151784      8.20
     4410000   17640000    64     8   2.227992      7.92
     7290000   29160000    64     1   3.549995      8.21
     7290000   29160000    64     2   3.757237      7.76
     7290000   29160000    64     4   4.473922      6.52
     7290000   29160000    64     8   4.371148      6.67

C

############################################################
# Benchmark Host: altair
# Number Of Processors: 8
#
# Number Of Scheduled Runs: 3
# Start Time: 01/14/2008 - 02:39:16
############################################################

# ===========================================================================
# [Run: 1] (Timings[COLS 4/8]: Seconds)
#   VERTICES      EDGES PROC      BFS[Torus]       EDGES/Sec
# ===========================================================================

       90000     360000    1        0.013683     26.31
       90000     360000    2        0.014621     24.62
       90000     360000    4        0.020622     17.46
       90000     360000    8        0.044306      8.13
      810000    3240000    1        0.184227     17.59
      810000    3240000    2        0.138296     23.43
      810000    3240000    4        0.124254     26.08
      810000    3240000    8        0.173401     18.69
     2250000    9000000    1        0.834435     10.79
     2250000    9000000    2        0.546113     16.48
     2250000    9000000    4        0.370325     24.30
     2250000    9000000    8        0.460479     19.55
     4410000   17640000    1        2.077266      8.49
     4410000   17640000    2        1.340454     13.16
     4410000   17640000    4        0.836153     21.10
     4410000   17640000    8        0.987224     17.87
     7290000   29160000    1        3.947662      7.39
     7290000   29160000    2        2.509859     11.62
     7290000   29160000    4        2.488940     11.72
     7290000   29160000    8        1.680745     17.35

