############################################################
# Benchmark Host: altair
# Number Of Processors: 8
#
# Number Of Scheduled Runs: 3
# Start Time: 01/11/2008 - 08:37:24
############################################################
# =================================================================
#   VERTICES      EDGES PROC  TIME(Sec)       EDGES/Sec [Run: 1]
# =================================================================
       90000     360000    1   0.043875      8205060.88
       90000     360000    2   0.849847       423605.91
       90000     360000    4   0.241477      1490825.35
       90000     360000    8   0.061178      5884515.21
      810000    3240000    1   0.443610      7303710.47
      810000    3240000    2   3.922302       826045.62
      810000    3240000    4   0.355815      9105861.89
      810000    3240000    8   0.172839     18745733.83
     7290000   29160000    1   5.158038      5653312.05
     7290000   29160000    2  19.682935      1481486.37
     7290000   29160000    4   2.231010     13070316.15
     7290000   29160000    8   1.025054     28447286.94
# =================================================================
#   VERTICES      EDGES PROC  TIME(Sec)       EDGES/Sec [Run: 2]
# =================================================================
       90000     360000    1   0.044948      8009296.30
       90000     360000    2   0.636636       565472.10
       90000     360000    4   0.210424      1710833.63
       90000     360000    8   0.050748      7093906.93
      810000    3240000    1   0.472860      6851921.77
      810000    3240000    2   4.695475       690026.07
      810000    3240000    4   0.454358      7130938.23
      810000    3240000    8   0.177521     18251335.80
     7290000   29160000    1   4.800544      6074311.35
     7290000   29160000    2  16.840876      1731501.36
     7290000   29160000    4   2.027081     14385217.60
     7290000   29160000    8   0.960932     30345535.34
# =================================================================
#   VERTICES      EDGES PROC  TIME(Sec)       EDGES/Sec [Run: 3]
# =================================================================
       90000     360000    1   0.044315      8123705.07
       90000     360000    2   0.518647       694113.93
       90000     360000    4   0.161963      2222731.65
       90000     360000    8   0.042954      8380966.71
      810000    3240000    1   0.472507      6857047.56
      810000    3240000    2   4.048631       800270.48
      810000    3240000    4   0.464167      6980245.49
      810000    3240000    8   0.176419     18365390.98
     7290000   29160000    1   4.972859      5863829.90
     7290000   29160000    2  17.817215      1636619.41
     7290000   29160000    4   1.995059     14616110.73
     7290000   29160000    8   1.001639     29112295.54
