############################################################
# Benchmark Host: v20n31.pbm.ihost.com
# Number Of Processors: 16
#
# Number Of Scheduled Runs: 1
# Start Time: 02/22/2008 - 02:59:36
############################################################

#    VERTICS      EDGES PROC Time(Secs) MEDGES/Sec [Run: 1]


      250000    1000000    1   0.013878  72.056492
      250000    1000000    2   0.008879 112.625296
      250000    1000000    4   0.005488 182.215743
      250000    1000000    6   0.004155 240.673887
      250000    1000000    8   0.003689 271.076172
      250000    1000000   10   0.003273 305.530095
      250000    1000000   12   0.003120 320.512821
      250000    1000000   14   0.003172 315.258512
      250000    1000000   16   0.003088 323.834197


     1000000    4000000    1   0.082977  48.206129
     1000000    4000000    2   0.050540  79.145231
     1000000    4000000    4   0.029187 137.047316
     1000000    4000000    6   0.021260 188.146754
     1000000    4000000    8   0.017000 235.294118
     1000000    4000000   10   0.014339 278.959481
     1000000    4000000   12   0.012552 318.674315
     1000000    4000000   14   0.011413 350.477526
     1000000    4000000   16   0.010234 390.854016


     4000000   16000000    1   0.433265  36.928900
     4000000   16000000    2   0.300709  53.207586
     4000000   16000000    4   0.176369  90.718891
     4000000   16000000    6   0.125304 127.689459
     4000000   16000000    8   0.095555 167.442834
     4000000   16000000   10   0.085325 187.518312
     4000000   16000000   12   0.066909 239.130760
     4000000   16000000   14   0.063596 251.588150
     4000000   16000000   16   0.056579 282.790435


     9000000   36000000    1   1.399652  25.720679
     9000000   36000000    2   0.998335  36.060040
     9000000   36000000    4   0.587209  61.306962
     9000000   36000000    6   0.415903  86.558645
     9000000   36000000    8   0.326370 110.304256
     9000000   36000000   10   0.276600 130.151844
     9000000   36000000   12   0.234458 153.545624
     9000000   36000000   14   0.199074 180.837277
     9000000   36000000   16   0.178592 201.576778
