############################################################
# Benchmark Host: moxie
# Number Of Processors: 32
#
# Number Of Scheduled Runs: 1
# Start Time: 02/17/2008 - 05:31:06
############################################################

#    VERTICS      EDGES PROC Time(Secs) MEDGES/Sec [Run: 1]


      250000    1000000    1   0.173062   5.778276
      250000    1000000    2   0.088724  11.270908
      250000    1000000    4   0.051774  19.314714
      250000    1000000    8   0.034123  29.305747
      250000    1000000   16   0.031305  31.943779
      250000    1000000   20   0.033341  29.993102
      250000    1000000   24   0.036222  27.607531
      250000    1000000   30   0.041736  23.960130
      250000    1000000   32   0.044193  22.628018


     1000000    4000000    1   1.151807   3.472804
     1000000    4000000    2   0.578750   6.911447
     1000000    4000000    4   0.298623  13.394816
     1000000    4000000    8   0.169019  23.665978
     1000000    4000000   16   0.110944  36.054226
     1000000    4000000   20   0.100802  39.681752
     1000000    4000000   24   0.096578  41.417300
     1000000    4000000   30   0.093575  42.746460
     1000000    4000000   32   0.093665  42.705386


     4000000   16000000    1   6.807028   2.350512
     4000000   16000000    2   3.380182   4.733473
     4000000   16000000    4   1.510985  10.589119
     4000000   16000000    8   0.828942  19.301712
     4000000   16000000   16   0.480571  33.293728
     4000000   16000000   20   0.421089  37.996718
     4000000   16000000   24   0.371560  43.061686
     4000000   16000000   30   0.317450  50.401638
     4000000   16000000   32   0.323461  49.465005


     9000000   36000000    1  16.508068   2.180752
     9000000   36000000    2   8.217166   4.381073
     9000000   36000000    4   4.042038   8.906398
     9000000   36000000    8   2.272240  15.843397
     9000000   36000000   16   1.301018  27.670639
     9000000   36000000   20   1.071346  33.602590
     9000000   36000000   24   0.941427  38.239821
     9000000   36000000   30   0.803422  44.808332
     9000000   36000000   32   0.801451  44.918529


############################################################
# End Time: 02/17/2008 - 06:24:57
############################################################
