############################################################
# Benchmark Host: altair
# Number Of Processors: 8
#
# Number Of Scheduled Runs: 3
# Start Time: 02/17/2008 - 03:33:03
############################################################

#   VERTICES      EDGES PROC Time(Secs) MEDGES/Sec [Run: 1]


      250000    1000000    1   0.108882   9.184255
      250000    1000000    2   0.064719  15.451413
      250000    1000000    4   0.039493  25.320943
      250000    1000000    6   0.031926  31.322433
      250000    1000000    8   0.028471  35.123459


     1000000    4000000    1   0.595675   6.715071
     1000000    4000000    2   0.369299  10.831332
     1000000    4000000    4   0.205962  19.421058
     1000000    4000000    6   0.145920  27.412281
     1000000    4000000    8   0.163964  24.395599


     4000000   16000000    1   3.238342   4.940800
     4000000   16000000    2   1.818833   8.796849
     4000000   16000000    4   1.009820  15.844408
     4000000   16000000    6   0.787900  20.307146
     4000000   16000000    8   0.740836  21.597223


     9000000   36000000    1   9.837041   3.659637
     9000000   36000000    2   5.080767   7.085544
     9000000   36000000    4   3.091033  11.646592
     9000000   36000000    6   2.335068  15.417110
     9000000   36000000    8   2.909182  12.374613

#   VERTICES      EDGES PROC Time(Secs) MEDGES/Sec [Run: 2]


      250000    1000000    1   0.108856   9.186448
      250000    1000000    2   0.065843  15.187643
      250000    1000000    4   0.037991  26.322024
      250000    1000000    6   0.029143  34.313557
      250000    1000000    8   0.029058  34.413931


     1000000    4000000    1   0.592829   6.747308
     1000000    4000000    2   0.368432  10.856820
     1000000    4000000    4   0.213711  18.716865
     1000000    4000000    6   0.183357  21.815366
     1000000    4000000    8   0.169122  23.651565


     4000000   16000000    1   3.245714   4.929578
     4000000   16000000    2   1.925613   8.309042
     4000000   16000000    4   0.976167  16.390638
     4000000   16000000    6   0.723591  22.111939
     4000000   16000000    8   0.830840  19.257619


     9000000   36000000    1   8.914404   4.038408
     9000000   36000000    2   4.691082   7.674136
     9000000   36000000    4   3.292197  10.934947
     9000000   36000000    6   2.141153  16.813371
     9000000   36000000    8   2.079006  17.315967

#   VERTICES      EDGES PROC Time(Secs) MEDGES/Sec [Run: 3]


      250000    1000000    1   0.130740   7.648769
      250000    1000000    2   0.065605  15.242741
      250000    1000000    4   0.039494  25.320302
      250000    1000000    6   0.033422  29.920412
      250000    1000000    8   0.029763  33.598764


     1000000    4000000    1   0.590457   6.774414
     1000000    4000000    2   0.369044  10.838816
     1000000    4000000    4   0.219192  18.248841
     1000000    4000000    6   0.191500  20.887728
     1000000    4000000    8   0.167021  23.949084


     4000000   16000000    1   3.269014   4.894442
     4000000   16000000    2   1.890901   8.461575
     4000000   16000000    4   0.958208  16.697836
     4000000   16000000    6   0.711691  22.481667
     4000000   16000000    8   0.772514  20.711599


     9000000   36000000    1   8.136647   4.424427
     9000000   36000000    2   5.046746   7.133309
     9000000   36000000    4   2.647480  13.597836
     9000000   36000000    6   2.282908  15.769361
     9000000   36000000    8   2.114007  17.029272


############################################################
# End Time: 02/17/2008 - 04:20:39
############################################################
