############################################################
# Benchmark Host: altair
# Number Of Processors: 8
#
# Number Of Scheduled Runs: 2
# Start Time: 01/21/2008 - 05:51:51
############################################################
#
# Run: 1
#


#    VERTICS      EDGES PARTS PROCS  TIME(Sec)       EDGES/Sec [Run: 1]

      100000     300000     0     1   0.052987      5661766.09
      100000     300000     0     2   0.042973      6981127.68
      100000     300000     0     4   0.049617      6046314.77
      100000     300000     0     8   0.052571      5706568.26
     1000000    3000000     0     1   0.709012      4231240.09
     1000000    3000000     0     2   0.475779      6305448.54
     1000000    3000000     0     4   0.328631      9128779.70
     1000000    3000000     0     8   0.296134     10130549.01
     5000000   15000000     0     1   5.010660      2993617.61
     5000000   15000000     0     2   2.912382      5150423.26
     5000000   15000000     0     4   1.792064      8370236.78
     5000000   15000000     0     8   1.577449      9509023.75
      100000     400000     0     1   0.056765      7046595.61
      100000     400000     0     2   0.038215     10467094.07
      100000     400000     0     4   0.039590     10103561.51
      100000     400000     0     8   0.047941      8343588.99
     1000000    4000000     0     1   0.819013      4883927.36
     1000000    4000000     0     2   0.507057      7888659.46
     1000000    4000000     0     4   0.351279     11386960.22
     1000000    4000000     0     8   0.317485     12599020.43
     5000000   20000000     0     1   5.441708      3675316.65
     5000000   20000000     0     2   3.199808      6250375.02
     5000000   20000000     0     4   1.990770     10046363.97
     5000000   20000000     0     8   1.839975     10869712.90


#    VERTICS      EDGES PARTS PROCS  TIME(Sec)       EDGES/Sec [Run: 2]

      100000     300000     0     1   0.053315      5626934.26
      100000     300000     0     2   0.045528      6589351.61
      100000     300000     0     4   0.050839      5900981.53
      100000     300000     0     8   0.052456      5719078.85
     1000000    3000000     0     1   0.713233      4206199.10
     1000000    3000000     0     2   0.427153      7023244.60
     1000000    3000000     0     4   0.314070      9552010.70
     1000000    3000000     0     8   0.274442     10931271.45
     5000000   15000000     0     1   5.045628      2972870.77
     5000000   15000000     0     2   3.134851      4784916.41
     5000000   15000000     0     4   1.807822      8297277.05
     5000000   15000000     0     8   1.573327      9533936.68
      100000     400000     0     1   0.056494      7080397.92
      100000     400000     0     2   0.048574      8234858.15
      100000     400000     0     4   0.038494     10391229.80
      100000     400000     0     8   0.044047      9081208.71
     1000000    4000000     0     1   0.798085      5011997.47
     1000000    4000000     0     2   0.487633      8202890.29
     1000000    4000000     0     4   0.320657     12474388.52
     1000000    4000000     0     8   0.301581     13263435.03
     5000000   20000000     0     1   5.439479      3676822.73
     5000000   20000000     0     2   3.167192      6314741.89
     5000000   20000000     0     4   1.970863     10147838.79
     5000000   20000000     0     8   1.819822     10990085.84
