############################################################
# Benchmark Host: r28n01.pbm.ihost.com
# Number Of Processors: 64
# Usable Physical Memory: 513792 MBytes
# SMT Enabled: false
# SMT Threads: 2
#
# Number Of Scheduled Runs: 3
# Start Time: 01/11/2008 - 04:42:27
############################################################

# ===========================================================================
# [Run: 1] (Timings[COLS 4/8]: Seconds)
#   VERTICES      EDGES PROC      SV[Random]       EDGES/Sec
# ===========================================================================

      100000     400000    1        0.058016      6894649.75
      100000     400000    2        0.034367     11639072.37
      100000     400000    4        0.020600     19417475.73
      100000     400000    8        0.013485     29662588.06
      100000     400000   16        0.012080     33112582.78
      100000     400000   32        0.023972     16686133.82
      100000     400000   64        0.090177      4435720.86
     1000000    4000000    1        1.376503      2905914.48
     1000000    4000000    2        0.820864      4872914.39
     1000000    4000000    4        0.411512      9720251.17
     1000000    4000000    8        0.216008     18517832.67
     1000000    4000000   16        0.121404     32947843.56
     1000000    4000000   32        0.076743     52122017.64
     1000000    4000000   64        0.135556     29508099.97
    10000000   40000000    1       41.116567       972843.87
    10000000   40000000    2       23.733889      1685353.80
    10000000   40000000    4       11.332566      3529650.74
    10000000   40000000    8        5.656221      7071859.46
    10000000   40000000   16        3.031567     13194496.44
    10000000   40000000   32        1.410382     28361110.68
    10000000   40000000   64        0.775901     51552968.74

# ===========================================================================
# [Run: 2] (Timings[COLS 4/8]: Seconds)
#   VERTICES      EDGES PROC      SV[Random]       EDGES/Sec
# ===========================================================================

      100000     400000    1        0.069847      5726802.87
      100000     400000    2        0.034797     11495243.84
      100000     400000    4        0.020775     19253910.95
      100000     400000    8        0.013243     30204636.41
      100000     400000   16        0.013553     29513760.79
      100000     400000   32        0.022966     17417051.29
      100000     400000   64        0.110965      3604740.23
     1000000    4000000    1        1.365738      2928819.44
     1000000    4000000    2        0.822713      4861962.80
     1000000    4000000    4        0.421135      9498141.93
     1000000    4000000    8        0.215140     18592544.39
     1000000    4000000   16        0.125564     31856264.53
     1000000    4000000   32        0.076417     52344373.63
     1000000    4000000   64        0.119836     33378951.23
    10000000   40000000    1       41.708998       959025.68
    10000000   40000000    2       21.705907      1842816.34
    10000000   40000000    4       12.261228      3262315.98
    10000000   40000000    8        5.908046      6770427.99
    10000000   40000000   16        3.068108     13037350.71
    10000000   40000000   32        1.394559     28682902.62
    10000000   40000000   64        0.777941     51417781.04

# ===========================================================================
# [Run: 3] (Timings[COLS 4/8]: Seconds)
#   VERTICES      EDGES PROC      SV[Random]       EDGES/Sec
# ===========================================================================

      100000     400000    1        0.059958      6671336.60
      100000     400000    2        0.033775     11843079.20
      100000     400000    4        0.020129     19871826.72
      100000     400000    8        0.013289     30100082.78
      100000     400000   16        0.012194     32803017.88
      100000     400000   32        0.023013     17381480.03
      100000     400000   64        0.091097      4390923.96
     1000000    4000000    1        1.369249      2921309.42
     1000000    4000000    2        0.792198      5049242.74
     1000000    4000000    4        0.426331      9382381.30
     1000000    4000000    8        0.228378     17514821.92
     1000000    4000000   16        0.120971     33065776.10
     1000000    4000000   32        0.077500     51612903.23
     1000000    4000000   64        0.135646     29488521.59
    10000000   40000000    1       41.462137       964735.61
    10000000   40000000    2       21.327198      1875539.39
    10000000   40000000    4       11.505313      3476654.66
    10000000   40000000    8        5.842947      6845860.49
    10000000   40000000   16        2.918137     13707375.63
    10000000   40000000   32        1.404147     28487045.87
    10000000   40000000   64        0.794022     50376437.93
