############################################################
# Benchmark Host: r28n01.pbm.ihost.com
# Number Of Processors: 64
# Usable Physical Memory: 513792 MBytes
# SMT Enabled: false
# SMT Threads: 2
#
# Number Of Scheduled Runs: 3
# Start Time: 01/11/2008 - 02:36:56
############################################################


#    VERTICS      EDGES PARTS PROCS  TIME(Sec)       EDGES/Sec [Run: 1]

      100000     300000    64     1   0.011853     25310048.09
      100000     300000    64     2   0.010659     28145229.38
      100000     300000    64     4   0.007613     39406278.73
      100000     300000    64     8   0.005736     52301255.23
      100000     300000    64    16   0.004793     62591278.95
      100000     300000    64    32   0.011145     26917900.40
      100000     300000    64    64   0.010619     28251247.76
     1000000    3000000    64     1   0.428593      6999647.68
     1000000    3000000    64     2   0.217086     13819407.98
     1000000    3000000    64     4   0.115569     25958518.29
     1000000    3000000    64     8   0.061032     49154541.88
     1000000    3000000    64    16   0.035376     84803256.45
     1000000    3000000    64    32   0.033652     89147747.53
     1000000    3000000    64    64   0.042074     71302942.43
    10000000   30000000    64     1   9.035932      3320078.11
    10000000   30000000    64     2   4.160136      7211302.71
    10000000   30000000    64     4   2.084938     14388917.08
    10000000   30000000    64     8   0.981820     30555498.97
    10000000   30000000    64    16   0.469085     63954294.00
    10000000   30000000    64    32   0.241689    124126460.04
    10000000   30000000    64    64   0.203251    147600749.81
      100000     400000    64     1   0.014872     26896180.74
      100000     400000    64     2   0.012016     33288948.07
      100000     400000    64     4   0.008429     47455214.14
      100000     400000    64     8   0.005534     72280448.14
      100000     400000    64    16   0.004487     89146423.00
      100000     400000    64    32   0.009803     40803835.56
      100000     400000    64    64   0.009898     40412204.49
     1000000    4000000    64     1   0.460354      8688965.45
     1000000    4000000    64     2   0.236246     16931503.60
     1000000    4000000    64     4   0.126397     31646320.72
     1000000    4000000    64     8   0.064629     61891720.44
     1000000    4000000    64    16   0.037170    107613666.94
     1000000    4000000    64    32   0.029930    133645172.07
     1000000    4000000    64    64   0.038323    104375962.22
    10000000   40000000    64     1   9.308203      4297284.88
    10000000   40000000    64     2   4.924326      8122939.06
    10000000   40000000    64     4   2.295445     17425815.04
    10000000   40000000    64     8   1.077157     37134790.94
    10000000   40000000    64    16   0.546879     73142322.16
    10000000   40000000    64    32   0.264743    151089924.95
    10000000   40000000    64    64   0.238118    167983940.74
      100000     300000   128     1   0.014187     21146119.69
      100000     300000   128     2   0.012135     24721878.86
      100000     300000   128     4   0.009217     32548551.59
      100000     300000   128     8   0.005714     52502625.13
      100000     300000   128    16   0.005138     58388478.01
      100000     300000   128    32   0.011384     26352775.83
      100000     300000   128    64   0.010488     28604118.99
     1000000    3000000   128     1   0.432642      6934139.54
     1000000    3000000   128     2   0.217944     13765003.85
     1000000    3000000   128     4   0.114506     26199500.46
     1000000    3000000   128     8   0.060268     49777659.79
     1000000    3000000   128    16   0.035148     85353362.92
     1000000    3000000   128    32   0.031913     94005577.66
     1000000    3000000   128    64   0.040312     74419527.68
    10000000   30000000   128     1   9.033433      3320996.57
    10000000   30000000   128     2   4.264043      7035576.33
    10000000   30000000   128     4   2.001306     14990211.39
    10000000   30000000   128     8   0.965905     31058955.07
    10000000   30000000   128    16   0.483286     62075044.59
    10000000   30000000   128    32   0.236490    126855258.15
    10000000   30000000   128    64   0.176137    170321965.29
      100000     400000   128     1   0.014738     27140724.66
      100000     400000   128     2   0.011896     33624747.81
      100000     400000   128     4   0.009396     42571306.94
      100000     400000   128     8   0.005547     72111051.02
      100000     400000   128    16   0.004305     92915214.87
      100000     400000   128    32   0.008779     45563276.00
      100000     400000   128    64   0.010289     38876470.02
     1000000    4000000   128     1   0.459910      8697353.83
     1000000    4000000   128     2   0.240296     16646136.43
     1000000    4000000   128     4   0.124892     32027671.91
     1000000    4000000   128     8   0.066020     60587700.70
     1000000    4000000   128    16   0.037246    107394082.59
     1000000    4000000   128    32   0.029905    133756896.84
     1000000    4000000   128    64   0.033751    118515006.96
    10000000   40000000   128     1  10.521026      3801910.57
    10000000   40000000   128     2   4.644141      8613002.92
    10000000   40000000   128     4   2.327690     17184418.89
    10000000   40000000   128     8   1.103463     36249516.30
    10000000   40000000   128    16   0.524089     76322914.62
    10000000   40000000   128    32   0.266174    150277637.94
    10000000   40000000   128    64   0.199858    200142100.89


#    VERTICS      EDGES PARTS PROCS  TIME(Sec)       EDGES/Sec [Run: 2]

      100000     300000    64     1   0.013751     21816595.16
      100000     300000    64     2   0.010356     28968713.79
      100000     300000    64     4   0.008017     37420481.48
      100000     300000    64     8   0.005606     53514092.04
      100000     300000    64    16   0.005216     57515337.42
      100000     300000    64    32   0.008245     36385688.30
      100000     300000    64    64   0.010928     27452415.81
     1000000    3000000    64     1   0.429515      6984622.19
     1000000    3000000    64     2   0.217940     13765256.49
     1000000    3000000    64     4   0.117285     25578718.51
     1000000    3000000    64     8   0.062346     48118564.14
     1000000    3000000    64    16   0.035704     84024198.97
     1000000    3000000    64    32   0.032524     92239576.93
     1000000    3000000    64    64   0.041276     72681461.38
    10000000   30000000    64     1   8.987725      3337885.84
    10000000   30000000    64     2   4.130503      7263037.94
    10000000   30000000    64     4   2.040457     14702588.68
    10000000   30000000    64     8   0.979490     30628184.05
    10000000   30000000    64    16   0.473848     63311441.64
    10000000   30000000    64    32   0.237769    126172882.08
    10000000   30000000    64    64   0.221762    135280165.22
      100000     400000    64     1   0.015064     26553372.28
      100000     400000    64     2   0.010999     36366942.45
      100000     400000    64     4   0.008880     45045045.05
      100000     400000    64     8   0.005367     74529532.33
      100000     400000    64    16   0.004835     82730093.07
      100000     400000    64    32   0.008930     44792833.15
      100000     400000    64    64   0.008370     47789725.21
     1000000    4000000    64     1   0.459189      8711010.06
     1000000    4000000    64     2   0.237535     16839623.63
     1000000    4000000    64     4   0.128608     31102264.24
     1000000    4000000    64     8   0.067730     59058024.51
     1000000    4000000    64    16   0.038038    105157999.89
     1000000    4000000    64    32   0.031605    126562252.81
     1000000    4000000    64    64   0.034427    116187875.80
    10000000   40000000    64     1  10.514658      3804213.13
    10000000   40000000    64     2   4.919593      8130753.91
    10000000   40000000    64     4   2.302928     17369192.61
    10000000   40000000    64     8   1.128402     35448359.72
    10000000   40000000    64    16   0.529121     75597075.15
    10000000   40000000    64    32   0.263438    151838383.22
    10000000   40000000    64    64   0.236911    168839775.27
      100000     300000   128     1   0.014016     21404109.59
      100000     300000   128     2   0.010915     27485112.23
      100000     300000   128     4   0.008388     35765379.11
      100000     300000   128     8   0.005695     52677787.53
      100000     300000   128    16   0.005694     52687038.99
      100000     300000   128    32   0.011123     26971140.88
      100000     300000   128    64   0.010559     28411781.42
     1000000    3000000   128     1   0.438173      6846610.81
     1000000    3000000   128     2   0.220565     13601432.68
     1000000    3000000   128     4   0.115954     25872328.68
     1000000    3000000   128     8   0.062116     48296735.14
     1000000    3000000   128    16   0.035522     84454704.13
     1000000    3000000   128    32   0.035778     83850410.87
     1000000    3000000   128    64   0.038356     78214620.92
    10000000   30000000   128     1   9.245830      3244705.99
    10000000   30000000   128     2   4.283367      7003836.00
    10000000   30000000   128     4   2.029084     14784996.58
    10000000   30000000   128     8   0.960800     31223980.02
    10000000   30000000   128    16   0.465495     64447523.60
    10000000   30000000   128    32   0.240105    124945336.42
    10000000   30000000   128    64   0.190433    157535721.22
      100000     400000   128     1   0.014976     26709401.71
      100000     400000   128     2   0.012222     32727867.78
      100000     400000   128     4   0.009193     43511367.34
      100000     400000   128     8   0.005540     72202166.06
      100000     400000   128    16   0.004931     81119448.39
      100000     400000   128    32   0.007659     52226139.18
      100000     400000   128    64   0.008766     45630846.45
     1000000    4000000   128     1   0.458296      8727983.66
     1000000    4000000   128     2   0.241007     16597028.30
     1000000    4000000   128     4   0.124758     32062072.17
     1000000    4000000   128     8   0.066651     60014103.31
     1000000    4000000   128    16   0.037080    107874865.16
     1000000    4000000   128    32   0.029066    137617835.27
     1000000    4000000   128    64   0.033647    118881326.72
    10000000   40000000   128     1   9.656126      4142448.02
    10000000   40000000   128     2   4.913771      8140387.49
    10000000   40000000   128     4   2.305269     17351554.20
    10000000   40000000   128     8   1.080987     37003220.21
    10000000   40000000   128    16   0.526686     75946579.18
    10000000   40000000   128    32   0.265781    150499847.62
    10000000   40000000   128    64   0.195322    204790039.01


#    VERTICS      EDGES PARTS PROCS  TIME(Sec)       EDGES/Sec [Run: 3]

      100000     300000    64     1   0.013835     21684134.44
      100000     300000    64     2   0.010855     27637033.63
      100000     300000    64     4   0.008076     37147102.53
      100000     300000    64     8   0.005499     54555373.70
      100000     300000    64    16   0.004825     62176165.80
      100000     300000    64    32   0.008006     37471896.08
      100000     300000    64    64   0.010597     28309899.03
     1000000    3000000    64     1   0.424638      7064841.11
     1000000    3000000    64     2   0.220148     13627196.25
     1000000    3000000    64     4   0.118073     25408010.30
     1000000    3000000    64     8   0.062147     48272643.89
     1000000    3000000    64    16   0.035083     85511501.30
     1000000    3000000    64    32   0.032341     92761510.16
     1000000    3000000    64    64   0.038192     78550481.78
    10000000   30000000    64     1   8.747474      3429561.49
    10000000   30000000    64     2   4.151108      7226986.14
    10000000   30000000    64     4   2.024809     14816212.29
    10000000   30000000    64     8   0.999895     30003150.33
    10000000   30000000    64    16   0.463888     64670782.60
    10000000   30000000    64    32   0.240725    124623533.08
    10000000   30000000    64    64   0.213495    140518513.31
      100000     400000    64     1   0.016173     24732578.99
      100000     400000    64     2   0.012103     33049657.11
      100000     400000    64     4   0.008817     45366904.84
      100000     400000    64     8   0.005519     72476897.99
      100000     400000    64    16   0.004744     84317032.04
      100000     400000    64    32   0.009887     40457165.98
      100000     400000    64    64   0.009796     40832993.06
     1000000    4000000    64     1   0.464243      8616177.30
     1000000    4000000    64     2   0.240830     16609226.43
     1000000    4000000    64     4   0.126002     31745527.85
     1000000    4000000    64     8   0.067135     59581440.38
     1000000    4000000    64    16   0.037821    105761349.51
     1000000    4000000    64    32   0.028823    138778059.19
     1000000    4000000    64    64   0.031849    125592640.27
    10000000   40000000    64     1   9.373060      4267549.76
    10000000   40000000    64     2   4.917749      8133802.68
    10000000   40000000    64     4   2.311683     17303410.55
    10000000   40000000    64     8   1.131774     35342745.11
    10000000   40000000    64    16   0.529592     75529841.84
    10000000   40000000    64    32   0.263396    151862594.72
    10000000   40000000    64    64   0.246274    162420718.39
      100000     300000   128     1   0.013915     21559468.20
      100000     300000   128     2   0.011619     25819777.95
      100000     300000   128     4   0.008717     34415509.92
      100000     300000   128     8   0.005436     55187637.97
      100000     300000   128    16   0.005262     57012542.76
      100000     300000   128    32   0.010101     29700029.70
      100000     300000   128    64   0.010132     29609159.10
     1000000    3000000   128     1   0.427419      7018873.75
     1000000    3000000   128     2   0.225078     13328712.71
     1000000    3000000   128     4   0.115865     25892202.13
     1000000    3000000   128     8   0.060497     49589235.83
     1000000    3000000   128    16   0.036038     83245463.12
     1000000    3000000   128    32   0.032676     91810503.12
     1000000    3000000   128    64   0.042085     71284305.57
    10000000   30000000   128     1   8.203368      3657034.53
    10000000   30000000   128     2   4.311939      6957426.81
    10000000   30000000   128     4   2.031701     14765952.27
    10000000   30000000   128     8   0.984369     30476376.24
    10000000   30000000   128    16   0.466272     64340127.65
    10000000   30000000   128    32   0.234771    127784095.99
    10000000   30000000   128    64   0.174154    172261331.92
      100000     400000   128     1   0.015029     26615210.59
      100000     400000   128     2   0.011624     34411562.28
      100000     400000   128     4   0.008581     46614613.68
      100000     400000   128     8   0.005606     71352122.73
      100000     400000   128    16   0.004380     91324200.91
      100000     400000   128    32   0.008072     49554013.88
      100000     400000   128    64   0.008867     45111086.05
     1000000    4000000   128     1   0.457995      8733719.80
     1000000    4000000   128     2   0.239500     16701461.38
     1000000    4000000   128     4   0.124156     32217532.78
     1000000    4000000   128     8   0.066793     59886515.05
     1000000    4000000   128    16   0.037749    105963071.87
     1000000    4000000   128    32   0.029118    137372072.26
     1000000    4000000   128    64   0.033251    120297133.92
    10000000   40000000   128     1   9.432592      4240615.94
    10000000   40000000   128     2   4.787856      8354470.14
    10000000   40000000   128     4   2.260459     17695521.13
    10000000   40000000   128     8   1.085307     36855931.09
    10000000   40000000   128    16   0.524256     76298602.21
    10000000   40000000   128    32   0.262042    152647285.55
    10000000   40000000   128    64   0.185436    215707845.29
