############################################################
# Benchmark Host: v20n178.pbm.ihost.com
# Number Of Processors: 16
# Usable Physical Memory: 63488 MBytes
# SMT Enabled: false
# SMT Threads: 2
#
# Number Of Scheduled Runs: 5
# Start Time: 10/06/2007 - 12:25:01
############################################################

# =================================================================
#   VERTICES      EDGES PROC  TIME(Sec)       EDGES/Sec [Run: 1]
# =================================================================

     5000000   20000000    1  27.253000       733864.16
     5000000   20000000    2  11.944000      1674480.91
     5000000   20000000    3   8.144000      2455795.68
     5000000   20000000    4   6.888000      2903600.46
     5000000   20000000    5   4.953000      4037956.79
     5000000   20000000    6   4.119000      4855547.46
     5000000   20000000    7   4.030000      4962779.16
     5000000   20000000    8   3.283000      6091989.03
     5000000   20000000    9   2.854000      7007708.48
     5000000   20000000   10   2.738000      7304601.90
     5000000   20000000   11   2.318000      8628127.70
     5000000   20000000   12   2.148000      9310986.96
     5000000   20000000   13   2.040000      9803921.57
     5000000   20000000   14   1.857000     10770059.24
     5000000   20000000   15   2.090000      9569377.99
     5000000   20000000   16   1.710000     11695906.43

# =================================================================
#   VERTICES      EDGES PROC  TIME(Sec)       EDGES/Sec [Run: 1]
# =================================================================

     6000000   24000000    1  33.815000       709744.20
     6000000   24000000    2  17.742000      1352722.35
     6000000   24000000    3  10.958000      2190180.69
     6000000   24000000    4   8.092000      2965892.24
     6000000   24000000    5   6.793000      3533048.73
     6000000   24000000    6   5.378000      4462625.51
     6000000   24000000    7   5.289000      4537719.80
     6000000   24000000    8   4.554000      5270092.23
     6000000   24000000    9   4.156000      5774783.45
     6000000   24000000   10   3.493000      6870884.63
     6000000   24000000   11   3.405000      7048458.15
     6000000   24000000   12   3.130000      7667731.63
     6000000   24000000   13   2.954000      8124576.84
     6000000   24000000   14   2.731000      8787989.75
     6000000   24000000   15   2.260000     10619469.03
     6000000   24000000   16   2.410000      9958506.22

# =================================================================
#   VERTICES      EDGES PROC  TIME(Sec)       EDGES/Sec [Run: 1]
# =================================================================

     7000000   28000000    1  53.254000       525782.10
     7000000   28000000    2  22.634000      1237076.96
     7000000   28000000    3  14.132000      1981318.99
     7000000   28000000    4  10.351000      2705052.65
     7000000   28000000    5   8.152000      3434739.94
     7000000   28000000    6   6.989000      4006295.61
     7000000   28000000    7   6.497000      4309681.39
     7000000   28000000    8   5.209000      5375311.96
     7000000   28000000    9   4.574000      6121556.62
     7000000   28000000   10   4.456000      6283662.48
     7000000   28000000   11   3.964000      7063572.15
     7000000   28000000   12   3.947000      7093995.44
     7000000   28000000   13   3.543000      7902907.14
     7000000   28000000   14   3.405000      8223201.17
     7000000   28000000   15   3.168000      8838383.84
     7000000   28000000   16   3.033000      9231783.71

# =================================================================
#   VERTICES      EDGES PROC  TIME(Sec)       EDGES/Sec [Run: 1]
# =================================================================

     8000000   32000000    1  56.162000       569780.28
     8000000   32000000    2  28.314000      1130182.95
     8000000   32000000    3  18.505000      1729262.36
     8000000   32000000    4  15.390000      2079272.25
     8000000   32000000    5  11.091000      2885222.25
     8000000   32000000    6   9.100000      3516483.52
     8000000   32000000    7   7.835000      4084237.40
     8000000   32000000    8   7.846000      4078511.34
     8000000   32000000    9   6.722000      4760487.95
     8000000   32000000   10   6.087000      5257105.31
     8000000   32000000   11   5.237000      6110368.53
     8000000   32000000   12   5.227000      6122058.54
     8000000   32000000   13   4.559000      7019083.13
     8000000   32000000   14   4.124000      7759456.84
     8000000   32000000   15   3.833000      8348552.05
     8000000   32000000   16   3.704000      8639308.86

# =================================================================
#   VERTICES      EDGES PROC  TIME(Sec)       EDGES/Sec [Run: 1]
# =================================================================

     9000000   36000000    1  66.965000       537594.27
     9000000   36000000    2  34.930000      1030632.69
     9000000   36000000    3  21.744000      1655629.14
     9000000   36000000    4  16.880000      2132701.42
     9000000   36000000    5  13.457000      2675187.63
     9000000   36000000    6  11.017000      3267677.23
     9000000   36000000    7   9.478000      3798269.68
     9000000   36000000    8   8.316000      4329004.33
     9000000   36000000    9   7.350000      4897959.18
     9000000   36000000   10   6.703000      5370729.52
     9000000   36000000   11   6.115000      5887162.71
     9000000   36000000   12   5.914000      6087250.59
     9000000   36000000   13   5.396000      6671608.60
     9000000   36000000   14   4.890000      7361963.19
     9000000   36000000   15   4.582000      7856831.08
     9000000   36000000   16   4.329000      8316008.32
