############################################################
# Benchmark Host: v20n98.pbm.ihost.com
# Number Of Processors: 16
# Usable Physical Memory: 63488 MBytes
# SMT Enabled: false
# SMT Threads: 2
#
# Number Of Scheduled Runs: 5
# Start Time: 10/05/2007 - 13:05:00
############################################################

# =====================================================================================
# [Run: 1] (Timings[COLS 4]: Seconds)
#   VERTICES      EDGES PROC  TRAVERSE2       EDGES/Sec
# =====================================================================================

     5000000   20000000    1   9.432950      2120227.50
     5000000   20000000    2   4.987765      4009812.01
     5000000   20000000    3   3.414374      5857589.12
     5000000   20000000    4   2.600511      7690796.16
     5000000   20000000    5   2.087965      9578704.62
     5000000   20000000    6   1.778938     11242662.76
     5000000   20000000    7   1.530496     13067659.11
     5000000   20000000    8   1.346674     14851404.27
     5000000   20000000    9   1.191855     16780564.75
     5000000   20000000   10   1.075321     18599097.39
     5000000   20000000   11   0.982846     20349067.91
     5000000   20000000   12   0.905409     22089464.54
     5000000   20000000   13   0.834307     23971991.13
     5000000   20000000   14   0.777539     25722182.42
     5000000   20000000   15   0.729193     27427580.90
     5000000   20000000   16   0.686179     29146913.56

# =====================================================================================
# [Run: 1] (Timings[COLS 4]: Seconds)
#   VERTICES      EDGES PROC  TRAVERSE2       EDGES/Sec
# =====================================================================================

     6000000   24000000    1  11.611022      2067001.51
     6000000   24000000    2   6.003026      3997983.68
     6000000   24000000    3   4.123043      5820943.41
     6000000   24000000    4   3.291059      7292485.49
     6000000   24000000    5   2.604349      9215354.78
     6000000   24000000    6   2.188588     10965974.41
     6000000   24000000    7   1.880753     12760846.32
     6000000   24000000    8   1.656961     14484348.15
     6000000   24000000    9   1.468959     16338100.65
     6000000   24000000   10   1.320143     18179848.70
     6000000   24000000   11   1.189675     20173576.82
     6000000   24000000   12   1.105248     21714583.51
     6000000   24000000   13   1.023784     23442444.89
     6000000   24000000   14   0.944861     25400561.56
     6000000   24000000   15   0.892448     26892323.14
     6000000   24000000   16   0.846128     28364502.77

# =====================================================================================
# [Run: 1] (Timings[COLS 4]: Seconds)
#   VERTICES      EDGES PROC  TRAVERSE2       EDGES/Sec
# =====================================================================================

     7000000   28000000    1  15.394349      1818849.24
     7000000   28000000    2   7.324198      3822944.16
     7000000   28000000    3   5.116709      5472267.43
     7000000   28000000    4   3.863710      7246920.71
     7000000   28000000    5   3.083181      9081529.76
     7000000   28000000    6   2.604501     10750619.79
     7000000   28000000    7   2.241559     12491306.27
     7000000   28000000    8   1.973731     14186330.36
     7000000   28000000    9   1.748470     16014000.81
     7000000   28000000   10   1.579351     17728801.26
     7000000   28000000   11   1.431497     19559943.19
     7000000   28000000   12   1.309453     21382974.42
     7000000   28000000   13   1.224968     22857739.96
     7000000   28000000   14   1.134529     24679845.12
     7000000   28000000   15   1.067057     26240397.65
     7000000   28000000   16   1.000460     27987125.92

# =====================================================================================
# [Run: 1] (Timings[COLS 4]: Seconds)
#   VERTICES      EDGES PROC  TRAVERSE2       EDGES/Sec
# =====================================================================================

     8000000   32000000    1  17.402446      1838821.97
     8000000   32000000    2   8.927214      3584544.97
     8000000   32000000    3   5.919605      5405766.09
     8000000   32000000    4   4.506817      7100354.86
     8000000   32000000    5   3.610794      8862316.71
     8000000   32000000    6   3.055616     10472520.11
     8000000   32000000    7   2.608440     12267868.92
     8000000   32000000    8   2.280568     14031592.13
     8000000   32000000    9   2.033587     15735741.82
     8000000   32000000   10   1.836736     17422209.83
     8000000   32000000   11   1.659056     19288077.08
     8000000   32000000   12   1.542969     20739237.15
     8000000   32000000   13   1.421955     22504228.33
     8000000   32000000   14   1.325124     24148683.44
     8000000   32000000   15   1.243884     25725871.54
     8000000   32000000   16   1.162554     27525603.11

# =====================================================================================
# [Run: 1] (Timings[COLS 4]: Seconds)
#   VERTICES      EDGES PROC  TRAVERSE2       EDGES/Sec
# =====================================================================================

     9000000   36000000    1  20.353954      1768698.11
     9000000   36000000    2  10.080721      3571173.13
     9000000   36000000    3   6.818152      5280023.09
     9000000   36000000    4   5.105979      7050557.79
     9000000   36000000    5   4.139163      8697410.56
     9000000   36000000    6   3.469378     10376499.76
     9000000   36000000    7   2.977660     12090030.43
     9000000   36000000    8   2.595045     13872591.80
     9000000   36000000    9   2.315536     15547156.25
     9000000   36000000   10   2.088754     17235155.50
     9000000   36000000   11   1.908633     18861666.96
     9000000   36000000   12   1.720415     20925183.75
     9000000   36000000   13   1.619572     22228094.83
     9000000   36000000   14   1.500916     23985352.94
     9000000   36000000   15   1.414114     25457636.37
     9000000   36000000   16   1.317112     27332527.53

# =====================================================================================
# [Run: 1] (Timings[COLS 4]: Seconds)
#   VERTICES      EDGES PROC  TRAVERSE2       EDGES/Sec
# =====================================================================================

    10000000   40000000    1  23.258258      1719819.26
    10000000   40000000    2  11.603172      3447333.19
    10000000   40000000    3   7.977605      5014036.17
    10000000   40000000    4   5.733293      6976793.27
    10000000   40000000    5   4.681986      8543383.09
    10000000   40000000    6   3.924138     10193321.44
    10000000   40000000    7   3.354802     11923207.39
    10000000   40000000    8   2.925357     13673544.80
    10000000   40000000    9   2.588449     15453269.51
    10000000   40000000   10   2.360806     16943365.95
    10000000   40000000   11   2.147803     18623681.97
    10000000   40000000   12   1.980214     20199836.99
    10000000   40000000   13   1.826195     21903465.95
    10000000   40000000   14   1.700504     23522438.05
    10000000   40000000   15   1.602184     24965921.52
    10000000   40000000   16   1.499998     26666702.22
