############################################################
# Benchmark Host: altair
# Number Of Processors: 8
#
# Number Of Scheduled Runs: 3
# Start Time: 01/11/2008 - 06:07:07
############################################################
# =================================================================
#   VERTICES      EDGES PROC  TIME(Sec)       EDGES/Sec [Run: 1]
# =================================================================
      100000     400000    1   0.081261      4922423.41
      100000     400000    2   0.117051      3417315.69
      100000     400000    4   0.044834      8921852.76
      100000     400000    8   0.030954     12922289.10
     1000000    4000000    1   1.078085      3710281.92
     1000000    4000000    2   0.702100      5697192.50
     1000000    4000000    4   0.341264     11721136.28
     1000000    4000000    8   0.213555     18730578.15
    10000000   40000000    1  11.280289      3546008.49
    10000000   40000000    2   5.767643      6935241.95
    10000000   40000000    4   3.045570     13133829.68
    10000000   40000000    8   2.043424     19574990.87
# =================================================================
#   VERTICES      EDGES PROC  TIME(Sec)       EDGES/Sec [Run: 2]
# =================================================================
      100000     400000    1   0.081620      4900777.57
      100000     400000    2   0.107884      3707693.42
      100000     400000    4   0.052855      7567943.39
      100000     400000    8   0.032776     12203928.50
     1000000    4000000    1   1.100303      3635361.04
     1000000    4000000    2   0.673349      5940453.62
     1000000    4000000    4   0.341275     11720737.26
     1000000    4000000    8   0.220996     18099855.13
    10000000   40000000    1  11.422643      3501816.65
    10000000   40000000    2   6.113770      6542607.78
    10000000   40000000    4   3.179834     12579271.83
    10000000   40000000    8   1.896218     21094621.02
# =================================================================
#   VERTICES      EDGES PROC  TIME(Sec)       EDGES/Sec [Run: 3]
# =================================================================
      100000     400000    1   0.081536      4905837.24
      100000     400000    2   0.118427      3377619.24
      100000     400000    4   0.047744      8378003.80
      100000     400000    8   0.031970     12511691.39
     1000000    4000000    1   1.095213      3652255.93
     1000000    4000000    2   0.708070      5649158.76
     1000000    4000000    4   0.384760     10396103.36
     1000000    4000000    8   0.202400     19762854.44
    10000000   40000000    1  10.895761      3671152.35
    10000000   40000000    2   6.105252      6551736.60
    10000000   40000000    4   3.140839     12735451.69
    10000000   40000000    8   1.875770     21324573.72
