XWS
# =================================================================
#   VERTICES      EDGES PROC  MEDGES/Sec 
# =================================================================
      100000     400000    1   7.22
      100000     400000    2  11.56 
      100000     400000    4  22.17
      100000     400000    8  22.90
     1000000    4000000    1   6.11
     1000000    4000000    2  11.81
     1000000    4000000    4  18.93
     1000000    4000000    8  22.69
     5000000   20000000    1   5.26
     5000000   20000000    2   9.52
     5000000   20000000    4  19.11
     5000000   20000000    8  18.95
    10000000   40000000    1   4.51
    10000000   40000000    2   8.27
    10000000   40000000    4  15.83
    10000000   40000000    8  28.40
Cilk
#    VERTICS      EDGES PARTS PROCS  TIME(Sec)       EDGES/Sec [Run: 1]

      100000     300000     0     1   0.052987      5.67
      100000     300000     0     2   0.042973      6.98
      100000     300000     0     4   0.049617      6.05
      100000     300000     0     8   0.052571      5.71
     1000000    3000000     0     1   0.709012      4.23
     1000000    3000000     0     2   0.427153      7.02
     1000000    3000000     0     4   0.314070      9.55
     1000000    3000000     0     8   0.274442     10.93
     5000000   15000000     0     1   5.010660      2.99
     5000000   15000000     0     2   2.912382      5.15
     5000000   15000000     0     4   1.792064      8.37
     5000000   15000000     0     8   1.577449      9.51
      100000     400000     0     1   0.056765      7.05
      100000     400000     0     2   0.038215     10.47
      100000     400000     0     4   0.038494     10.39
      100000     400000     0     8   0.044047      9.08
     1000000    4000000     0     1   0.798085      5.01
     1000000    4000000     0     2   0.487633      8.20
     1000000    4000000     0     4   0.320657     12.47
     1000000    4000000     0     8   0.301581     13.26
     5000000   20000000     0     1   5.439479      3.68
     5000000   20000000     0     2   3.167192      6.31
     5000000   20000000     0     4   1.970863     10.15
     5000000   20000000     0     8   1.819822     10.99


C
############################################################
# Benchmark Host: altair
# Number Of Processors: 8
#
# Number Of Scheduled Runs: 2
# Start Time: 01/19/2008 - 06:01:33
############################################################


# ===========================================================================
# [Run: 1] (Timings[COLS 4/8]: Seconds)
#   VERTICES      EDGES PROC     DFS[KGraph]       EDGES/Sec
# ===========================================================================

      100000     300000    1        0.030150      9.95
      100000     300000    2        0.017648     17.00
      100000     300000    4        0.010207     29.39
      100000     300000    8        0.008277     36.25
     1000000    3000000    1        0.469573      6.39
     1000000    3000000    2        0.231093     12.98
     1000000    3000000    4        0.133391     22.49
     1000000    3000000    8        0.125103     23.98
     5000000   15000000    1        2.864981      5.24
     5000000   15000000    2        1.647799      9.10
     5000000   15000000    4        1.084165     13.84
     5000000   15000000    8        0.744343     20.15
    10000000   30000000    1        7.852138      3.82
    10000000   30000000    2        3.674655      8.16
    10000000   30000000    4        2.399097     12.50
    10000000   30000000    8        1.465816     20.47

      100000     400000    1        0.026119     15.31
      100000     400000    2        0.019299     20.73
      100000     400000    4        0.011312     35.36
      100000     400000    8        0.009570     41.80
     1000000    4000000    1        0.435986      9.17
     1000000    4000000    2        0.263281     15.19
     1000000    4000000    4        0.195683     20.44
     1000000    4000000    8        0.099307     40.28
     5000000   20000000    1        3.066206      6.52
     5000000   20000000    2        1.823856     10.97
     5000000   20000000    4        1.232264     16.23
     5000000   20000000    8        1.187639     16.84
    10000000   40000000    1        8.683077      4.61
    10000000   40000000    2        4.511360      8.86
    10000000   40000000    4        2.789264     14.34
    10000000   40000000    8        2.529856     15.81




