############################################################
# Benchmark Host: moxie
# Number Of Processors: 32
#
# Number Of Scheduled Runs: 1
# Start Time: 02/17/2008 - 05:31:06
############################################################

#    VERTICS      EDGES PROC Time(Secs) MEDGES/Sec [Run: 1]


      250000    1000000    1   0.250707   3.988720
      250000    1000000    2   0.125771   7.950958
      250000    1000000    4   0.065607  15.242276
      250000    1000000    8   0.036661  27.276943
      250000    1000000   16   0.031158  32.094486
      250000    1000000   20   0.038402  26.040310
      250000    1000000   24   0.044369  22.538259
      250000    1000000   30   0.064629  15.472930
      250000    1000000   32   0.066356  15.070227


     1000000    4000000    1   1.486756   2.690421
     1000000    4000000    2   0.742948   5.383957
     1000000    4000000    4   0.375668  10.647700
     1000000    4000000    8   0.200195  19.980519
     1000000    4000000   16   0.126571  31.602816
     1000000    4000000   20   0.118386  33.787779
     1000000    4000000   24   0.123941  32.273420
     1000000    4000000   30   0.144151  27.748680
     1000000    4000000   32   0.156198  25.608523


     4000000   16000000    1   8.361690   1.913489
     4000000   16000000    2   4.005733   3.994275
     4000000   16000000    4   2.017243   7.931618
     4000000   16000000    8   1.069705  14.957395
     4000000   16000000   16   0.566880  28.224668
     4000000   16000000   20   0.467045  34.257941
     4000000   16000000   24   0.431886  37.046813
     4000000   16000000   30   0.406896  39.322087
     4000000   16000000   32   0.405761  39.432079


     9000000   36000000    1  20.970391   1.716706
     9000000   36000000    2  10.343245   3.480532
     9000000   36000000    4   5.091241   7.070968
     9000000   36000000    8   2.537788  14.185582
     9000000   36000000   16   1.565802  22.991413
     9000000   36000000   20   1.227338  29.331773
     9000000   36000000   24   1.100297  32.718439
     9000000   36000000   30   1.056209  34.084163
     9000000   36000000   32   1.010679  35.619618


############################################################
# End Time: 02/17/2008 - 06:24:57
############################################################
