############################################################
# Benchmark Host: moxie
# Number Of Processors: 32
#
# Number Of Scheduled Runs: 3
# Start Time: 01/11/2008 - 08:40:14
############################################################
# =================================================================
#   VERTICES      EDGES PROC  TIME(Sec)       EDGES/Sec [Run: 1]
# =================================================================
      100000     400000    1   0.182350      2193588.75
      100000     400000    2   0.141236      2832133.98
      100000     400000    4   0.101098      3956567.10
      100000     400000    8   0.065572      6100128.42
      100000     400000   16   0.060604      6600200.88
      100000     400000   32   0.067989      5883269.26
     1000000    4000000    1   2.072014      1930488.77
     1000000    4000000    2   1.290079      3100586.28
     1000000    4000000    4   0.689406      5802093.58
     1000000    4000000    8   0.436753      9158503.43
     1000000    4000000   16   0.307053     13027059.39
     1000000    4000000   32   0.271728     14720588.76
    10000000   40000000    1  35.946714      1112758.17
    10000000   40000000    2  18.751248      2133191.31
    10000000   40000000    4  11.176867      3578820.44
    10000000   40000000    8   7.478185      5348891.81
    10000000   40000000   16   5.280356      7575247.23
    10000000   40000000   32   5.217391      7666667.73
# =================================================================
#   VERTICES      EDGES PROC  TIME(Sec)       EDGES/Sec [Run: 2]
# =================================================================
      100000     400000    1   0.187466      2133720.68
      100000     400000    2   0.138637      2885222.96
      100000     400000    4   0.093288      4287793.85
      100000     400000    8   0.064361      6214986.61
      100000     400000   16   0.064175      6232947.05
      100000     400000   32   0.066642      6002176.69
     1000000    4000000    1   2.095399      1908944.23
     1000000    4000000    2   1.245846      3210668.71
     1000000    4000000    4   0.679755      5884470.38
     1000000    4000000    8   0.430790      9285274.77
     1000000    4000000   16   0.329498     12139697.28
     1000000    4000000   32   0.273976     14599811.40
    10000000   40000000    1  36.038631      1109920.08
    10000000   40000000    2  18.633015      2146727.16
    10000000   40000000    4   9.994504      4002199.61
    10000000   40000000    8   6.776568      5902692.67
    10000000   40000000   16   5.272792      7586114.09
    10000000   40000000   32   5.349799      7476916.98
# =================================================================
#   VERTICES      EDGES PROC  TIME(Sec)       EDGES/Sec [Run: 3]
# =================================================================
      100000     400000    1   0.183573      2178970.99
      100000     400000    2   0.166240      2406158.09
      100000     400000    4   0.092977      4302131.70
      100000     400000    8   0.066117      6049886.49
      100000     400000   16   0.062530      6396910.14
      100000     400000   32   0.069912      5721507.56
     1000000    4000000    1   2.092523      1911567.69
     1000000    4000000    2   1.226918      3260202.16
     1000000    4000000    4   0.647103      6181392.63
     1000000    4000000    8   0.402019      9949784.16
     1000000    4000000   16   0.357655     11183951.44
     1000000    4000000   32   0.265432     15069772.94
    10000000   40000000    1  36.154837      1106352.66
    10000000   40000000    2  19.425010      2059201.01
    10000000   40000000    4  10.055859      3977780.39
    10000000   40000000    8   8.128249      4921109.13
    10000000   40000000   16   5.031255      7950302.11
    10000000   40000000   32   5.567154      7184999.21
