############################################################
# Benchmark Host: altair
# Number Of Processors: 8
#
# Number Of Scheduled Runs: 3
# Start Time: 01/17/2008 - 02:35:33
############################################################
#
# Run: 1
#
# =================================================================
#   VERTICES      EDGES PROC  TIME(Sec)       EDGES/Sec [Run: 1]
# =================================================================
      100000     400000    1   0.082786      4831743.76
      100000     400000    2   0.106995      3738494.34
      100000     400000    4   0.054939      7280769.48
      100000     400000    8   0.030314     13195383.95
     1000000    4000000    1   1.068633      3743099.37
     1000000    4000000    2   0.633319      6315932.65
     1000000    4000000    4   0.408802      9784687.30
     1000000    4000000    8   0.271372     14739892.65
    10000000   40000000    1  14.018800      2853311.34
    10000000   40000000    2   7.940768      5037296.18
    10000000   40000000    4   4.136144      9670843.40
# =================================================================
#   VERTICES      EDGES PROC  TIME(Sec)       EDGES/Sec [Run: 2]
# =================================================================
      100000     400000    1   0.095400      4192865.39
      100000     400000    2   0.114973      3479090.10
      100000     400000    4   0.051999      7692430.48
      100000     400000    8   0.031647     12639237.39
     1000000    4000000    1   1.150654      3476283.77
     1000000    4000000    2   0.633903      6310118.50
     1000000    4000000    4   0.392871     10181460.17
     1000000    4000000    8   0.222211     18000907.51
    10000000   40000000    1  14.228104      2811337.39
    10000000   40000000    4   4.257292      9395643.11
# =================================================================
#   VERTICES      EDGES PROC  TIME(Sec)       EDGES/Sec [Run: 3]
# =================================================================
      100000     400000    1   0.082660      4839113.16
      100000     400000    2   0.105298      3798760.08
      100000     400000    4   0.052551      7611682.99
      100000     400000    8   0.035188     11367481.93
     1000000    4000000    1   1.157237      3456507.99
     1000000    4000000    2   0.639363      6256227.82
     1000000    4000000    4   0.419871      9526733.91
     1000000    4000000    8   0.259717     15401406.95
    10000000   40000000    1  13.862871      2885405.13
    10000000   40000000    4   4.509383      8870392.57
    10000000   40000000    8   2.456196     16285346.39
