############################################################
# Benchmark Host: moxie
# Number Of Processors: 32
#
# Number Of Scheduled Runs: 3
# Start Time: 02/25/2008 - 05:21:04
############################################################


#    VERTICS      EDGES PROCS  TIME(Sec) MEDGES/Sec [Run: 1]



      250000    1000000     1   0.488154   2.048534
      250000    1000000     2   0.250445   3.992893
      250000    1000000     4   0.147539   6.777869
      250000    1000000     8   0.110892   9.017783
      250000    1000000    16   0.078071  12.808853
      250000    1000000    20   0.128269   7.796116
      250000    1000000    24   0.108369   9.227731
      250000    1000000    30   0.135540   7.377896
      250000    1000000    32   0.106392   9.399203


     1000000    4000000     1   2.510796   1.593120
     1000000    4000000     2   1.276158   3.134408
     1000000    4000000     4   0.680638   5.876839
     1000000    4000000     8   0.438881   9.114088
     1000000    4000000    16   0.299084  13.374169
     1000000    4000000    20   0.315955  12.660031
     1000000    4000000    24   0.334706  11.950787


#    VERTICS      EDGES PROCS  TIME(Sec) MEDGES/Sec [Run: 2]



      250000    1000000     1   0.488199   2.048345
      250000    1000000     2   0.253744   3.940980
      250000    1000000     4   0.173472   5.764619
      250000    1000000     8   0.129717   7.709090
      250000    1000000    16   0.113131   8.839310
      250000    1000000    20   0.091651  10.910956
      250000    1000000    24   0.112209   8.911941
      250000    1000000    32   0.106071   9.427648


     1000000    4000000     1   2.510123   1.593547
     1000000    4000000     2   1.268207   3.154059
     1000000    4000000     4   0.678968   5.891294
     1000000    4000000     8   0.428617   9.332341
     1000000    4000000    16   0.310027  12.902102
     1000000    4000000    20   0.319318  12.526698
     1000000    4000000    30   0.324876  12.312390


#    VERTICS      EDGES PROCS  TIME(Sec) MEDGES/Sec [Run: 3]



      250000    1000000     1   0.488302   2.047913
      250000    1000000     2   0.255199   3.918511
      250000    1000000     4   0.153291   6.523540
      250000    1000000     8   0.123938   8.068550
      250000    1000000    16   0.102919   9.716379
      250000    1000000    20   0.118587   8.432628
      250000    1000000    24   0.110755   9.028938
      250000    1000000    32   0.100346   9.965519


     1000000    4000000     1   2.510373   1.593389
     1000000    4000000     2   1.267691   3.155343
     1000000    4000000     4   0.671934   5.952966
     1000000    4000000     8   0.427471   9.357360
     1000000    4000000    16   0.301288  13.276334
     1000000    4000000    20   0.303945  13.160276
     1000000    4000000    30   0.312551  12.797911


############################################################
# End Time: 02/25/2008 - 05:28:14
############################################################
