############################################################
# Benchmark Host: v20n97.pbm.ihost.com
# Number Of Processors: 16
# Usable Physical Memory: 63488 MBytes
# SMT Enabled: false
# SMT Threads: 2
#
# Number Of Scheduled Runs: 5
# Start Time: 10/05/2007 - 13:05:00
############################################################

# =====================================================================================
# [Run: 1] (Timings[COLS 4/8]: Seconds)
#   VERTICES      EDGES PROC         SV       EDGES/Sec
# =====================================================================================

     1000000    4000000    1   1.611064      2482831.22
     1000000    4000000    2   0.917994      4357326.95
     1000000    4000000    3   0.620334      6448139.23
     1000000    4000000    4   0.491634      8136133.79
     1000000    4000000    5   0.367405     10887168.11
     1000000    4000000    6   0.341684     11706723.17
     1000000    4000000    7   0.280768     14246637.79
     1000000    4000000    8   0.248839     16074650.68
     1000000    4000000    9   0.243842     16404064.93
     1000000    4000000   10   0.218010     18347782.21
     1000000    4000000   11   0.191294     20910221.96
     1000000    4000000   12   0.187746     21305380.67
     1000000    4000000   13   0.163887     24407060.96
     1000000    4000000   14   0.152875     26165167.62
     1000000    4000000   15   0.153175     26113921.98
     1000000    4000000   16   0.134639     29709073.89

# =====================================================================================
# [Run: 1] (Timings[COLS 4/8]: Seconds)
#   VERTICES      EDGES PROC         SV       EDGES/Sec
# =====================================================================================

     2000000    8000000    1   3.613948      2213645.58
     2000000    8000000    2   2.013239      3973696.12
     2000000    8000000    3   1.507993      5305064.41
     2000000    8000000    4   1.072330      7460389.99
     2000000    8000000    5   0.902663      8862665.25
     2000000    8000000    6   0.811021      9864109.56
     2000000    8000000    7   0.702562     11386895.39
     2000000    8000000    8   0.616192     12982966.35
     2000000    8000000    9   0.575129     13909922.82
     2000000    8000000   10   0.525102     15235135.27
     2000000    8000000   11   0.466474     17149937.62
     2000000    8000000   12   0.443103     18054492.97
     2000000    8000000   13   0.408084     19603807.06
     2000000    8000000   14   0.362352     22077979.42
     2000000    8000000   15   0.334424     23921728.11
     2000000    8000000   16   0.333214     24008595.08

# =====================================================================================
# [Run: 1] (Timings[COLS 4/8]: Seconds)
#   VERTICES      EDGES PROC         SV       EDGES/Sec
# =====================================================================================

     3000000   12000000    1   7.397785      1622107.16
     3000000   12000000    2   3.992640      3005530.18
     3000000   12000000    3   2.728723      4397661.47
     3000000   12000000    4   2.029384      5913124.38
     3000000   12000000    5   1.883371      6371553.98
     3000000   12000000    6   1.463739      8198182.87
     3000000   12000000    7   1.319431      9094829.51
     3000000   12000000    8   1.089310     11016147.84
     3000000   12000000    9   1.071410     11200194.14
     3000000   12000000   10   0.931848     12877636.70
     3000000   12000000   11   0.797704     15043173.91
     3000000   12000000   12   0.725898     16531248.19
     3000000   12000000   13   0.762787     15731783.58
     3000000   12000000   14   0.684210     17538475.03
     3000000   12000000   15   0.594067     20199741.78
     3000000   12000000   16   0.602200     19926934.57

# =====================================================================================
# [Run: 1] (Timings[COLS 4/8]: Seconds)
#   VERTICES      EDGES PROC         SV       EDGES/Sec
# =====================================================================================

     4000000   16000000    1   9.912178      1614176.02
     4000000   16000000    2   5.511587      2902975.13
     4000000   16000000    3   4.025020      3975135.53
     4000000   16000000    4   3.112675      5140273.24
     4000000   16000000    5   2.431327      6580768.44
     4000000   16000000    6   2.129290      7514241.84
     4000000   16000000    7   1.844961      8672270.04
     4000000   16000000    8   1.521877     10513333.21
     4000000   16000000    9   1.574628     10161130.12
     4000000   16000000   10   1.394653     11472387.76
     4000000   16000000   11   1.240553     12897473.95
     4000000   16000000   12   1.165783     13724681.18
     4000000   16000000   13   1.055969     15151959.95
     4000000   16000000   14   0.930139     17201730.06
     4000000   16000000   15   0.959036     16683419.60
     4000000   16000000   16   0.880205     18177583.63

# =====================================================================================
# [Run: 1] (Timings[COLS 4/8]: Seconds)
#   VERTICES      EDGES PROC         SV       EDGES/Sec
# =====================================================================================

     5000000   20000000    1  15.234371      1312820.86
     5000000   20000000    2   7.819498      2557708.95
     5000000   20000000    3   5.594810      3574741.59
     5000000   20000000    4   4.189595      4773731.11
     5000000   20000000    5   3.462345      5776431.87
     5000000   20000000    6   2.911463      6869398.65
     5000000   20000000    7   2.513595      7956731.30
     5000000   20000000    8   2.291073      8729534.15
     5000000   20000000    9   1.924599     10391775.12
     5000000   20000000   10   1.828459     10938172.53
     5000000   20000000   11   1.574165     12705148.44
     5000000   20000000   12   1.561110     12811397.02
     5000000   20000000   13   1.450387     13789423.10
     5000000   20000000   14   1.459179     13706337.60
     5000000   20000000   15   1.328373     15056012.13
     5000000   20000000   16   1.187168     16846815.28
