############################################################
# Benchmark Host: v20n33.pbm.ihost.com
# Number Of Processors: 16
#
# Number Of Scheduled Runs: 3
# Start Time: 02/22/2008 - 03:04:46
############################################################

#    VERTICS      EDGES PROC Time(Secs) MEDGES/Sec [Run: 1]


      250000    1000000    1   0.045790  21.838829
      250000    1000000    2   0.027334  36.584474
      250000    1000000    4   0.016760  59.665871
      250000    1000000    6   0.015829  63.175185
      250000    1000000    8   0.009830 101.729400
      250000    1000000   10   0.013736  72.801398
      250000    1000000   12   0.007598 131.613583
      250000    1000000   14   0.009317 107.330686
      250000    1000000   16   0.009917 100.836947


     1000000    4000000    1   0.371023  10.781003
     1000000    4000000    2   0.165659  24.145987
     1000000    4000000    4   0.096612  41.402724
     1000000    4000000    6   0.090349  44.272765
     1000000    4000000    8   0.070230  56.955717
     1000000    4000000   10   0.058340  68.563593
     1000000    4000000   12   0.071974  55.575625
     1000000    4000000   14   0.053590  74.640791
     1000000    4000000   16   0.029266 136.677373


     4000000   16000000    1   1.975050   8.101061
     4000000   16000000    2   1.300294  12.304910
     4000000   16000000    4   0.782513  20.446945
     4000000   16000000    6   0.542314  29.503203
     4000000   16000000    8   0.520352  30.748416
     4000000   16000000   10   0.362331  44.158518
     4000000   16000000   12   0.355934  44.952154
     4000000   16000000   14   0.260088  61.517640
     4000000   16000000   16   0.284492  56.240597


     9000000   36000000    1   6.325165   5.691551
     9000000   36000000    2   5.327198   6.757774
     9000000   36000000    4   2.689612  13.384830
     9000000   36000000    6   2.378443  15.135952
     9000000   36000000    8   1.779900  20.225855
     9000000   36000000   10   1.513860  23.780270
     9000000   36000000   12   1.201915  29.952201
     9000000   36000000   14   1.311979  27.439464
     9000000   36000000   16   0.942602  38.192153

#    VERTICS      EDGES PROC Time(Secs) MEDGES/Sec [Run: 2]


      250000    1000000    1   0.046215  21.637996
      250000    1000000    2   0.027514  36.345133
      250000    1000000    4   0.011121  89.919971
      250000    1000000    6   0.012213  81.879964
      250000    1000000    8   0.009926 100.745517
      250000    1000000   10   0.013943  71.720577
      250000    1000000   12   0.007814 127.975429
      250000    1000000   14   0.009185 108.873163
      250000    1000000   16   0.007314 136.724091


     1000000    4000000    1   0.374873  10.670280
     1000000    4000000    2   0.165893  24.111928
     1000000    4000000    4   0.096289  41.541609
     1000000    4000000    6   0.090549  44.174977
     1000000    4000000    8   0.069814  57.295098
     1000000    4000000   10   0.058549  68.318844
     1000000    4000000   12   0.048709  82.120347
     1000000    4000000   14   0.053529  74.725850
     1000000    4000000   16   0.038247 104.583366


     4000000   16000000    1   1.985581   8.058095
     4000000   16000000    2   1.303836  12.271482
     4000000   16000000    4   0.786124  20.353023
     4000000   16000000    6   0.541404  29.552792
     4000000   16000000    8   0.416476  38.417580
     4000000   16000000   10   0.355838  44.964281
     4000000   16000000   12   0.377382  42.397359
     4000000   16000000   14   0.260945  61.315603
     4000000   16000000   16   0.287170  55.716126


     9000000   36000000    1   6.350065   5.669233
     9000000   36000000    2   4.317236   8.338669
     9000000   36000000    4   2.661358  13.526929
     9000000   36000000    6   2.331502  15.440690
     9000000   36000000    8   1.424159  25.278076
     9000000   36000000   10   1.513898  23.779673
     9000000   36000000   12   1.244570  28.925653
     9000000   36000000   14   1.302424  27.640768
     9000000   36000000   16   0.767053  46.932872

#    VERTICS      EDGES PROC Time(Secs) MEDGES/Sec [Run: 3]


      250000    1000000    1   0.046371  21.565202
      250000    1000000    2   0.028675  34.873583
      250000    1000000    4   0.011263  88.786291
      250000    1000000    6   0.012304  81.274382
      250000    1000000    8   0.009885 101.163379
      250000    1000000   10   0.008724 114.626318
      250000    1000000   12   0.007831 127.697612
      250000    1000000   14   0.009191 108.802089
      250000    1000000   16   0.006575 152.091255


     1000000    4000000    1   0.374767  10.673298
     1000000    4000000    2   0.166316  24.050602
     1000000    4000000    4   0.096424  41.483448
     1000000    4000000    6   0.090586  44.156934
     1000000    4000000    8   0.070548  56.698985
     1000000    4000000   10   0.058564  68.301346
     1000000    4000000   12   0.072123  55.460810
     1000000    4000000   14   0.053363  74.958304
     1000000    4000000   16   0.038168 104.799832


     4000000   16000000    1   2.010904   7.956621
     4000000   16000000    2   0.980361  16.320519
     4000000   16000000    4   0.773464  20.686160
     4000000   16000000    6   0.544007  29.411386
     4000000   16000000    8   0.539126  29.677663
     4000000   16000000   10   0.361198  44.297034
     4000000   16000000   12   0.396863  40.316180
     4000000   16000000   14   0.264014  60.602847
     4000000   16000000   16   0.284632  56.212935


     9000000   36000000    1   6.405654   5.620035
     9000000   36000000    2   4.240954   8.488656
     9000000   36000000    4   2.664925  13.508823
     9000000   36000000    6   2.316883  15.538117
     9000000   36000000    8   1.409489  25.541171
     9000000   36000000   10   1.508466  23.865304
     9000000   36000000   12   1.003893  35.860395
     9000000   36000000   14   1.339202  26.881680
     9000000   36000000   16   0.763597  47.145287


############################################################
# End Time: 02/22/2008 - 06:11:08
############################################################
