############################################################
# Benchmark Host: r28n01.pbm.ihost.com
# Number Of Processors: 64
# Usable Physical Memory: 513792 MBytes
# SMT Enabled: false
# SMT Threads: 2
#
# Number Of Scheduled Runs: 3
# Start Time: 01/11/2008 - 04:42:27
############################################################

# ===========================================================================
# [Run: 1] (Timings[COLS 4/8]: Seconds)
#   VERTICES      EDGES PROC     DFS[Random]       EDGES/Sec
# ===========================================================================

      100000     400000    1        0.032950     12139605.46
      100000     400000    2        0.040556      9862905.61
      100000     400000    4        0.026501     15093770.05
      100000     400000    8        0.017524     22825838.85
      100000     400000   16        0.017528     22820629.85
      100000     400000   32        0.046538      8595126.56
      100000     400000   64        0.110743      3611966.44
     1000000    4000000    1        0.944243      4236197.67
     1000000    4000000    2        0.767106      5214403.22
     1000000    4000000    4        0.409524      9767437.32
     1000000    4000000    8        0.195601     20449793.20
     1000000    4000000   16        0.101376     39457070.71
     1000000    4000000   32        0.099707     40117544.41
     1000000    4000000   64        0.170264     23492928.63
    10000000   40000000    1       24.548318      1629439.54
    10000000   40000000    2       12.264444      3261460.53
    10000000   40000000    4        6.523330      6131837.57
    10000000   40000000    8        3.280368     12193753.87
    10000000   40000000   16        1.614859     24769964.44
    10000000   40000000   32        0.809940     49386374.30
    10000000   40000000   64        0.682247     58629792.44

# ===========================================================================
# [Run: 2] (Timings[COLS 4/8]: Seconds)
#   VERTICES      EDGES PROC     DFS[Random]       EDGES/Sec
# ===========================================================================

      100000     400000    1        0.038057     10510549.96
      100000     400000    2        0.040233      9942087.34
      100000     400000    4        0.027411     14592681.77
      100000     400000    8        0.017071     23431550.58
      100000     400000   16        0.017683     22620596.05
      100000     400000   32        0.045245      8840755.88
      100000     400000   64        0.110063      3634282.18
     1000000    4000000    1        0.961010      4162287.59
     1000000    4000000    2        0.742057      5390421.49
     1000000    4000000    4        0.398822     10029536.99
     1000000    4000000    8        0.194367     20579625.14
     1000000    4000000   16        0.101407     39445008.73
     1000000    4000000   32        0.102781     38917698.80
     1000000    4000000   64        0.131175     30493615.40
    10000000   40000000    1       24.481088      1633914.31
    10000000   40000000    2       12.671929      3156583.34
    10000000   40000000    4        6.465405      6186774.07
    10000000   40000000    8        3.252817     12297033.62
    10000000   40000000   16        1.613963     24783715.61
    10000000   40000000   32        0.808915     49448953.23
    10000000   40000000   64        0.700621     57092208.20

# ===========================================================================
# [Run: 3] (Timings[COLS 4/8]: Seconds)
#   VERTICES      EDGES PROC     DFS[Random]       EDGES/Sec
# ===========================================================================

      100000     400000    1        0.035266     11342369.42
      100000     400000    2        0.039160     10214504.60
      100000     400000    4        0.027316     14643432.42
      100000     400000    8        0.017524     22825838.85
      100000     400000   16        0.017755     22528865.11
      100000     400000   32        0.046632      8577800.65
      100000     400000   64        0.110666      3614479.61
     1000000    4000000    1        0.942146      4245626.47
     1000000    4000000    2        0.766252      5220214.76
     1000000    4000000    4        0.413126      9682276.11
     1000000    4000000    8        0.192444     20785267.40
     1000000    4000000   16        0.101995     39217608.71
     1000000    4000000   32        0.098124     40764746.65
     1000000    4000000   64        0.157613     25378617.25
    10000000   40000000    1       23.839593      1677880.99
    10000000   40000000    2       12.529409      3192488.97
    10000000   40000000    4        6.476894      6175799.70
    10000000   40000000    8        3.265272     12250128.01
    10000000   40000000   16        1.609676     24849721.31
    10000000   40000000   32        0.811701     49279229.67
    10000000   40000000   64        0.686641     58254604.66
