############################################################
# Benchmark Host: moxie
# Number Of Processors: 32
#
# Number Of Scheduled Runs: 3
# Start Time: 01/17/2008 - 08:55:33
############################################################
#
# Run: 1
#
# =================================================================
#   VERTICES      EDGES PROC  TIME(Sec)       EDGES/Sec [Run: 1]
# =================================================================
      100000     400000    1   0.773551       517095.76
      100000     400000    2   0.322967      1238516.06
      100000     400000    4   0.206823      1934016.83
      100000     400000    8   0.093702      4268863.25
      100000     400000   16   0.055658      7186767.91
      100000     400000   32   0.361797      1105593.62
     1000000    4000000    1  12.165374       328802.07
     1000000    4000000    2   6.101494       655577.14
     1000000    4000000    4   3.116380      1283540.41
     1000000    4000000    8   1.658337      2412054.33
     1000000    4000000   16   0.943999      4237290.70
     1000000    4000000   32   1.256153      3184326.52
    10000000   40000000    1 208.687025       191674.59
    10000000   40000000    2  78.816375       507508.75
    10000000   40000000    4  40.783512       980788.50
    10000000   40000000    8  21.430511      1866497.69
    10000000   40000000   16  12.430861      3217797.99
    10000000   40000000   32  10.937853      3657024.90
# =================================================================
#   VERTICES      EDGES PROC  TIME(Sec)       EDGES/Sec [Run: 2]
# =================================================================
      100000     400000    1   0.774992       516134.57
      100000     400000    2   0.323604      1236078.44
      100000     400000    4   0.168807      2369570.66
      100000     400000    8   0.097527      4101419.95
      100000     400000   16   0.056466      7083874.15
      100000     400000   32   0.551670       725071.65
     1000000    4000000    1  12.263276       326177.13
     1000000    4000000    2   6.125685       652988.19
     1000000    4000000    4   3.116990      1283289.25
     1000000    4000000    8   1.671617      2392892.14
     1000000    4000000   16   0.946760      4224936.89
     1000000    4000000   32   1.674145      2389279.31
    10000000   40000000    1 208.863036       191513.06
    10000000   40000000    2  78.960940       506579.58
    10000000   40000000    4  40.861867       978907.80
    10000000   40000000    8  21.469193      1863134.81
    10000000   40000000   16  12.076581      3312195.64
    10000000   40000000   32  10.759979      3717479.51
# =================================================================
#   VERTICES      EDGES PROC  TIME(Sec)       EDGES/Sec [Run: 3]
# =================================================================
      100000     400000    1   0.772806       517594.01
      100000     400000    2   0.324839      1231379.76
      100000     400000    4   0.166551      2401661.15
      100000     400000    8   0.097704      4094013.74
      100000     400000   16   0.054844      7293364.84
      100000     400000   32   0.145060      2757486.03
     1000000    4000000    1  12.180996       328380.38
     1000000    4000000    2   6.123185       653254.81
     1000000    4000000    4   3.118920      1282495.12
     1000000    4000000    8   1.643279      2434157.78
     1000000    4000000   16   0.938480      4262210.58
     1000000    4000000   32   1.486345      2691165.34
    10000000   40000000    1 208.799542       191571.30
    10000000   40000000    2  78.933750       506754.08
    10000000   40000000    4  40.612470       984919.17
    10000000   40000000    8  21.591651      1852567.92
    10000000   40000000   16  13.295990      3008425.85
    10000000   40000000   32  10.892633      3672206.71
