############################################################
# Benchmark Host: v20n28.pbm.ihost.com
# Number Of Processors: 16
#
# Number Of Scheduled Runs: 3
# Start Time: 02/25/2008 - 01:56:27
############################################################


#    VERTICS      EDGES PROCS  TIME(Sec) MEDGES/Sec [Run: 1]



      250000    1000000     1   0.151874   6.584405
      250000    1000000     2   0.092066  10.861773
      250000    1000000     4   0.143293   6.978708
      250000    1000000     6   0.176468   5.666750
      250000    1000000     8   0.174683   5.724656
      250000    1000000    10   0.162861   6.140205
      250000    1000000    12   0.156146   6.404263
      250000    1000000    14   0.135150   7.399186
      250000    1000000    16   0.190499   5.249371


     1000000    4000000     1   1.039129   3.849378
     1000000    4000000     2   0.567317   7.050732
     1000000    4000000     4   0.840717   4.757844
     1000000    4000000     6   0.847654   4.718907
     1000000    4000000     8   0.937616   4.266139
     1000000    4000000    10   0.953826   4.193637
     1000000    4000000    12   0.955737   4.185252
     1000000    4000000    14   0.987017   4.052615
     1000000    4000000    16   1.015039   3.940735


#    VERTICS      EDGES PROCS  TIME(Sec) MEDGES/Sec [Run: 2]



      250000    1000000     1   0.154844   6.458113
      250000    1000000     2   0.091708  10.904174
      250000    1000000     4   0.138981   7.195228
      250000    1000000     6   0.150825   6.630201
      250000    1000000     8   0.172930   5.782687
      250000    1000000    10   0.155414   6.434427
      250000    1000000    12   0.149681   6.680875
      250000    1000000    14   0.144566   6.917256
      250000    1000000    16   0.182948   5.466034


     1000000    4000000     1   1.038010   3.853527
     1000000    4000000     2   0.552524   7.239505
     1000000    4000000     4   0.768267   5.206523
     1000000    4000000     6   0.929929   4.301404
     1000000    4000000     8   0.939191   4.258985
     1000000    4000000    10   0.936686   4.270374
     1000000    4000000    12   0.993453   4.026361
     1000000    4000000    14   0.894728   4.470632
     1000000    4000000    16   1.023198   3.909312


#    VERTICS      EDGES PROCS  TIME(Sec) MEDGES/Sec [Run: 3]



      250000    1000000     1   0.153930   6.496459
      250000    1000000     2   0.089805  11.135237
      250000    1000000     4   0.138888   7.200046
      250000    1000000     6   0.144047   6.942179
      250000    1000000     8   0.172340   5.802483
      250000    1000000    10   0.161982   6.173525
      250000    1000000    12   0.141597   7.062297
      250000    1000000    14   0.162661   6.147755
      250000    1000000    16   0.180606   5.536915


     1000000    4000000     1   1.024957   3.902603
     1000000    4000000     2   0.553276   7.229665
     1000000    4000000     4   0.828219   4.829640
     1000000    4000000     6   0.896793   4.460338
     1000000    4000000     8   0.922160   4.337642
     1000000    4000000    10   0.966737   4.137630
     1000000    4000000    12   1.022790   3.910871
     1000000    4000000    14   0.870851   4.593208
     1000000    4000000    16   0.952023   4.201579


############################################################
# End Time: 02/25/2008 - 02:01:17
############################################################
