############################################################
# Benchmark Host: moxie
# Number Of Processors: 32
#
# Number Of Scheduled Runs: 1
# Start Time: 02/18/2008 - 04:33:38
############################################################


#    VERTICS      EDGES PROCS  TIME(Sec) MEDGES/Sec [Run: 1]



      250000    1000000     1   0.729969   1.369921
      250000    1000000     2   0.404378   2.472934
      250000    1000000     4   0.496823   2.012789
      250000    1000000     8   0.556696   1.796313
      250000    1000000    16   0.639315   1.564174
      250000    1000000    20   0.537756   1.859579
      250000    1000000    24   0.581304   1.720270
      250000    1000000    30   0.607725   1.645481
      250000    1000000    32   0.654672   1.527482


     1000000    4000000     1   3.956275   1.011052
     1000000    4000000     2   2.111394   1.894483
     1000000    4000000     4   1.565326   2.555378
     1000000    4000000     8   1.481956   2.699135
     1000000    4000000    16   1.615780   2.475585
     1000000    4000000    20   1.640754   2.437904
     1000000    4000000    24   1.682874   2.376886
     1000000    4000000    30   1.698578   2.354911
     1000000    4000000    32   1.558669   2.566292


     4000000   16000000     1  28.663394   0.558203
     4000000   16000000     2  14.585790   1.096958
     4000000   16000000     4   8.193309   1.952813
     4000000   16000000     8   4.902029   3.263955
     4000000   16000000    16   3.921576   4.079992
     4000000   16000000    20   3.789144   4.222590
     4000000   16000000    24   3.653958   4.378813
     4000000   16000000    30   3.651135   4.382199
     4000000   16000000    32   3.731107   4.288272


     9000000   36000000     1  80.960117   0.444663
     9000000   36000000     2  40.221332   0.895047
     9000000   36000000     4  24.301094   1.481415
     9000000   36000000     8  13.608682   2.645370
     9000000   36000000    16   8.577820   4.196871
     9000000   36000000    20   7.444330   4.835895
     9000000   36000000    24   7.520787   4.786733
     9000000   36000000    30   6.830666   5.270350
     9000000   36000000    32   6.839006   5.263923


############################################################
# End Time: 02/18/2008 - 04:41:54
############################################################
