############################################################
# Benchmark Host: moxie
# Number Of Processors: 32
#
# Number Of Scheduled Runs: 3
# Start Time: 01/17/2008 - 01:56:40
############################################################
#
# Run: 1
#

# ===========================================================================
# [Run: 1] (Timings[COLS 4/8]: Seconds)
#   VERTICES      EDGES PROC     DFS[Random]       EDGES/Sec
# ===========================================================================

      100000     400000    1        0.097466      4103995.24
      100000     400000    2        0.049002      8162932.13
      100000     400000    4        0.026225     15252621.54
      100000     400000    8        0.016792     23820867.08
      100000     400000   16        0.018680     21413276.23
      100000     400000   32        0.105195      3802462.09
     1000000    4000000    1        2.020931      1979285.78
     1000000    4000000    2        1.002851      3988628.42
     1000000    4000000    4        0.519987      7692500.00
     1000000    4000000    8        0.264614     15116358.17
     1000000    4000000   16        0.165129     24223485.88
     1000000    4000000   32        0.142491     28071948.40
    10000000   40000000    1       40.403426       990015.05
    10000000   40000000    2       18.661319      2143471.21
    10000000   40000000    4       10.154558      3939117.78
    10000000   40000000    8        5.514824      7253177.98
    10000000   40000000   16        2.764853     14467315.26
    10000000   40000000   32        1.912373     20916421.64

# ===========================================================================
# [Run: 2] (Timings[COLS 4/8]: Seconds)
#   VERTICES      EDGES PROC     DFS[Random]       EDGES/Sec
# ===========================================================================

      100000     400000    1        0.097530      4101302.16
      100000     400000    2        0.049199      8130246.55
      100000     400000    4        0.026647     15011070.66
      100000     400000    8        0.015792     25329280.65
      100000     400000   16        0.019084     20959966.46
      100000     400000   32        0.111586      3584679.08
     1000000    4000000    1        2.013579      1986512.57
     1000000    4000000    2        1.004508      3982048.92
     1000000    4000000    4        0.504007      7936397.71
     1000000    4000000    8        0.268692     14886933.74
     1000000    4000000   16        0.169753     23563648.36
     1000000    4000000   32        0.138289     28924932.57
    10000000   40000000    1       40.448652       988908.11
    10000000   40000000    2       18.650751      2144685.76
    10000000   40000000    4       10.154727      3939052.23
    10000000   40000000    8        5.519717      7246748.34
    10000000   40000000   16        2.818840     14190234.28
    10000000   40000000   32        2.016424     19837097.75

# ===========================================================================
# [Run: 3] (Timings[COLS 4/8]: Seconds)
#   VERTICES      EDGES PROC     DFS[Random]       EDGES/Sec
# ===========================================================================

      100000     400000    1        0.098071      4078677.69
      100000     400000    2        0.049284      8116224.33
      100000     400000    4        0.025545     15658641.61
      100000     400000    8        0.015540     25740025.74
      100000     400000   16        0.019170     20865936.36
      100000     400000   32        0.104779      3817558.86
     1000000    4000000    1        2.020956      1979261.30
     1000000    4000000    2        1.003071      3987753.61
     1000000    4000000    4        0.521652      7667947.21
     1000000    4000000    8        0.274117     14592309.12
     1000000    4000000   16        0.159252     25117423.96
     1000000    4000000   32        0.137454     29100644.58
    10000000   40000000    1       40.509745       987416.73
    10000000   40000000    2       18.666213      2142909.22
    10000000   40000000    4       10.169872      3933186.18
    10000000   40000000    8        5.400680      7406474.74
    10000000   40000000   16        2.768615     14447657.04
    10000000   40000000   32        1.921268     20819583.73
