############################################################
# Benchmark Host: altair
# Number Of Processors: 8
#
# Number Of Scheduled Runs: 3
# Start Time: 01/14/2008 - 02:50:04
############################################################
#
# Run: 1
#

# ===========================================================================
# [Run: 1] (Timings[COLS 4/8]: Seconds)
#   VERTICES      EDGES PROC      SV[KGraph]       EDGES/Sec
# ===========================================================================

      100000     300000    1        0.035237      8513778.13
      100000     400000    1        0.031620     12650221.38
      100000     300000    2        0.026826     11183180.50
      100000     400000    2        0.029113     13739566.52
      100000     300000    4        0.017266     17375188.23
      100000     400000    4        0.024615     16250253.91
      100000     300000    8        0.012255     24479804.16
      100000     400000    8        0.024412     16385384.24
     1000000    3000000    1        1.053005      2848989.32
     1000000    4000000    1        0.936418      4271596.66
     1000000    3000000    2        0.663206      4523481.39
     1000000    4000000    2        0.812374      4923840.50
     1000000    3000000    4        0.371742      8070113.14
     1000000    4000000    4        0.819837      4879018.63
     1000000    3000000    8        0.387166      7748614.29
     1000000    4000000    8        0.541334      7389153.46
    10000000   30000000    1       15.612134      1921582.28
    10000000   40000000    1       16.199422      2469223.90
    10000000   30000000    2       12.214972      2456002.36
    10000000   40000000    2       12.455050      3211548.73
    10000000   30000000    4        6.161176      4869200.30
    10000000   40000000    4       10.385862      3851389.51
    10000000   30000000    8        6.274988      4780885.64
    10000000   40000000    8       13.109972      3051112.54

# ===========================================================================
# [Run: 2] (Timings[COLS 4/8]: Seconds)
#   VERTICES      EDGES PROC      SV[KGraph]       EDGES/Sec
# ===========================================================================

      100000     300000    1        0.036364      8249917.50
      100000     400000    1        0.036021     11104633.41
      100000     300000    2        0.023073     13002210.38
      100000     400000    2        0.030924     12934937.27
      100000     300000    4        0.017342     17299042.79
      100000     400000    4        0.021808     18341892.88
      100000     300000    8        0.015695     19114367.63
      100000     400000    8        0.026327     15193527.56
     1000000    3000000    1        0.928955      3229435.23
     1000000    4000000    1        0.931843      4292568.60
     1000000    3000000    2        0.660827      4539766.08
     1000000    4000000    2        0.815384      4905664.08
     1000000    3000000    4        0.411188      7295932.76
     1000000    4000000    4        0.819872      4878810.35
     1000000    3000000    8        0.314645      9534554.82
     1000000    4000000    8        0.808927      4944821.97
    10000000   30000000    1       16.331049      1836991.61
    10000000   40000000    1       13.995914      2857976.98
    10000000   30000000    2       10.471408      2864944.24
    10000000   40000000    2       15.097825      2649388.24
    10000000   30000000    4        5.830825      5145069.52
    10000000   40000000    4       11.289526      3543107.12
    10000000   30000000    8        5.034098      5959359.55
    10000000   40000000    8       10.976921      3644009.10

# ===========================================================================
# [Run: 3] (Timings[COLS 4/8]: Seconds)
#   VERTICES      EDGES PROC      SV[KGraph]       EDGES/Sec
# ===========================================================================

      100000     300000    1        0.032535      9220839.10
      100000     400000    1        0.031640     12642225.03
      100000     300000    2        0.023066     13006156.25
      100000     400000    2        0.029276     13663068.73
      100000     300000    4        0.018603     16126431.22
      100000     400000    4        0.022580     17714791.85
      100000     300000    8        0.014206     21117837.53
      100000     400000    8        0.024367     16415644.11
     1000000    3000000    1        1.053943      2846453.75
     1000000    4000000    1        0.934359      4281009.76
     1000000    3000000    2        0.665383      4508681.47
     1000000    4000000    2        0.829823      4820305.05
     1000000    3000000    4        0.406758      7375392.74
     1000000    4000000    4        0.808210      4949208.75
     1000000    3000000    8        0.349664      8579665.05
     1000000    4000000    8        0.831886      4808351.14
    10000000   30000000    1       16.604939      1806691.37
    10000000   40000000    1       15.986800      2502064.20
    10000000   30000000    2        9.805976      3059358.91
    10000000   40000000    2       10.561151      3787465.97
    10000000   30000000    4        5.401290      5554228.71
    10000000   40000000    4       10.580194      3780649.01
    10000000   30000000    8        5.265632      5697321.80
    10000000   40000000    8        6.727116      5946084.47
