############################################################
# Benchmark Host: altair
# Number Of Processors: 8
#
# Number Of Scheduled Runs: 3
# Start Time: 02/17/2008 - 05:10:00
############################################################

#    VERTICS      EDGES PROC Time(Secs) MEDGES/Sec [Run: 1]


      250000    1000000    1   0.151038   6.620850
      250000    1000000    2   0.112716   8.871855
      250000    1000000    4   0.099340  10.066438
      250000    1000000    6   0.107781   9.278073
      250000    1000000    8   0.107365   9.314022


     1000000    4000000    1   0.930661   4.298020
     1000000    4000000    2   0.821161   4.871152
     1000000    4000000    4   0.819665   4.880042
     1000000    4000000    6   0.827925   4.831355
     1000000    4000000    8   0.990145   4.039812


     4000000   16000000    1   4.617673   3.464949
     4000000   16000000    2   4.916585   3.254291
     4000000   16000000    4   3.839046   4.167702
     4000000   16000000    6   3.955838   4.044655
     4000000   16000000    8   3.958142   4.042301


     9000000   36000000    1  13.137790   2.740187
     9000000   36000000    2  10.547782   3.413040
     9000000   36000000    4   9.231713   3.899601
     9000000   36000000    6   9.717079   3.704817
     9000000   36000000    8   9.638054   3.735194

#    VERTICS      EDGES PROC Time(Secs) MEDGES/Sec [Run: 2]


      250000    1000000    1   0.189169   5.286278
      250000    1000000    2   0.098004  10.203665
      250000    1000000    4   0.103961   9.618992
      250000    1000000    6   0.093027  10.749567
      250000    1000000    8   0.109476   9.134422


     1000000    4000000    1   0.937603   4.266198
     1000000    4000000    2   0.822116   4.865493
     1000000    4000000    4   0.811986   4.926193
     1000000    4000000    6   0.986661   4.054077
     1000000    4000000    8   0.827535   4.833632


     4000000   16000000    1   4.610756   3.470147
     4000000   16000000    2   4.834319   3.309670
     4000000   16000000    4   3.968613   4.031635
     4000000   16000000    6   3.869742   4.134643
     4000000   16000000    8   4.463152   3.584910


     9000000   36000000    1  12.129244   2.968033
     9000000   36000000    2   8.495881   4.237347
     9000000   36000000    4  11.282904   3.190668
     9000000   36000000    6   9.146572   3.935901
     9000000   36000000    8   9.762927   3.687419

#    VERTICS      EDGES PROC Time(Secs) MEDGES/Sec [Run: 3]


      250000    1000000    1   0.155985   6.410873
      250000    1000000    2   0.114297   8.749136
      250000    1000000    4   0.104844   9.537980
      250000    1000000    6   0.104549   9.564893
      250000    1000000    8   0.093886  10.651215


     1000000    4000000    1   0.939467   4.257733
     1000000    4000000    2   0.899664   4.446104
     1000000    4000000    4   0.800010   4.999938
     1000000    4000000    6   0.804254   4.973553
     1000000    4000000    8   0.826657   4.838766


     4000000   16000000    1   4.589239   3.486417
     4000000   16000000    2   5.038019   3.175851
     4000000   16000000    4   3.750108   4.266544
     4000000   16000000    6   4.695133   3.407784
     4000000   16000000    8   3.938042   4.062933


     9000000   36000000    1  11.760009   3.061222
     9000000   36000000    2   7.756768   4.641108
     9000000   36000000    4   4.906931   7.336561
     9000000   36000000    6   9.086795   3.961793
     9000000   36000000    8  10.832247   3.323410


############################################################
# End Time: 02/17/2008 - 06:06:11
############################################################
