############################################################
# Benchmark Host: v20n27.pbm.ihost.com
# Number Of Processors: 16
#
# Number Of Scheduled Runs: 3
# Start Time: 02/25/2008 - 01:57:24
############################################################


#    VERTICS      EDGES PROCS  TIME(Sec) MEDGES/Sec [Run: 1]



      250000    1000000     1   0.193173   5.176707
      250000    1000000     2   0.109834   9.104649
      250000    1000000     4   0.059537  16.796278
      250000    1000000     6   0.051859  19.283056
      250000    1000000     8   0.055124  18.140919
      250000    1000000    10   0.063985  15.628663
      250000    1000000    12   0.062575  15.980823
      250000    1000000    14   0.065892  15.176349
      250000    1000000    16   0.046587  21.465216


     1000000    4000000     1   1.179579   3.391040
     1000000    4000000     2   0.642909   6.221720
     1000000    4000000     4   0.332886  12.016126
     1000000    4000000     6   0.234077  17.088394
     1000000    4000000     8   0.225500  17.738359
     1000000    4000000    10   0.240684  16.619302
     1000000    4000000    12   0.246600  16.220600
     1000000    4000000    14   0.256737  15.580146
     1000000    4000000    16   0.194721  20.542212


#    VERTICS      EDGES PROCS  TIME(Sec) MEDGES/Sec [Run: 2]



      250000    1000000     1   0.195326   5.119646
      250000    1000000     2   0.109789   9.108381
      250000    1000000     4   0.059283  16.868242
      250000    1000000     6   0.052195  19.158923
      250000    1000000     8   0.061035  16.384042
      250000    1000000    10   0.062971  15.880326
      250000    1000000    12   0.062911  15.895471
      250000    1000000    14   0.065455  15.277672
      250000    1000000    16   0.047239  21.168949


     1000000    4000000     1   1.197442   3.340454
     1000000    4000000     2   0.645533   6.196430
     1000000    4000000     4   0.332558  12.027977
     1000000    4000000     6   0.239027  16.734511
     1000000    4000000     8   0.229666  17.416596
     1000000    4000000    10   0.239911  16.672850
     1000000    4000000    12   0.248004  16.128772
     1000000    4000000    14   0.254775  15.700128
     1000000    4000000    16   0.195693  20.440179


#    VERTICS      EDGES PROCS  TIME(Sec) MEDGES/Sec [Run: 3]



      250000    1000000     1   0.191621   5.218635
      250000    1000000     2   0.103849   9.629366
      250000    1000000     4   0.057364  17.432536
      250000    1000000     6   0.053006  18.865789
      250000    1000000     8   0.056783  17.610905
      250000    1000000    10   0.063370  15.780338
      250000    1000000    12   0.064096  15.601598
      250000    1000000    14   0.065421  15.285612
      250000    1000000    16   0.047537  21.036245


     1000000    4000000     1   1.180031   3.389741
     1000000    4000000     2   0.641956   6.230957
     1000000    4000000     4   0.330970  12.085688
     1000000    4000000     6   0.233584  17.124461
     1000000    4000000     8   0.212031  18.865166
     1000000    4000000    10   0.241912  16.534938
     1000000    4000000    12   0.239137  16.726814
     1000000    4000000    14   0.256438  15.598312
     1000000    4000000    16   0.193337  20.689263


############################################################
# End Time: 02/25/2008 - 02:02:12
############################################################
