############################################################
# Benchmark Host: v20n27.pbm.ihost.com
# Number Of Processors: 16
#
# Number Of Scheduled Runs: 3
# Start Time: 02/22/2008 - 02:36:58
############################################################

#    VERTICS      EDGES NPROC  TIME(Sec) MEDGES/Sec   STEALS ATTEMPTS [Run: 1]

      250000    1000000     1   0.186200   5.370569        0        0
      250000    1000000     2   0.131700   7.593014       16      144
      250000    1000000     4   0.089200  11.210762       11    10050
      250000    1000000     6   0.064300  15.552100      108     5480
      250000    1000000     8   0.045100  22.172949      654    35110
      250000    1000000    10   0.040900  24.449878      506   116242
      250000    1000000    12   0.029200  34.246575      551    47918
      250000    1000000    14   0.020800  48.076923     1372   217234
      250000    1000000    16   0.026500  37.735849     6912    70946

#    VERTICS      EDGES NPROC  TIME(Sec) MEDGES/Sec   STEALS ATTEMPTS [Run: 1]

     1000000    4000000     1   1.487500   2.689076        0        0
     1000000    4000000     2   0.752900   5.312791        5      144
     1000000    4000000     4   0.395200  10.121457       30     6570
     1000000    4000000     6   0.260500  15.355086       46   167909
     1000000    4000000     8   0.206000  19.417476      194    13012
     1000000    4000000    10   0.167900  23.823705     1574    46629
     1000000    4000000    12   0.139100  28.756290      322   157467
     1000000    4000000    14   0.109100  36.663611     4401    69062
     1000000    4000000    16   0.099100  40.363269     2886    62348

#    VERTICS      EDGES NPROC  TIME(Sec) MEDGES/Sec   STEALS ATTEMPTS [Run: 1]

     4000000   16000000     1   7.563900   2.115311        0        0
     4000000   16000000     2   3.803900   4.206209        5      166
     4000000   16000000     4   1.887700   8.475923       18     1958
     4000000   16000000     6   1.243600  12.865873       43     4388
     4000000   16000000     8   0.921700  17.359228      849    13035
     4000000   16000000    10   0.755600  21.175225     3053    28067
     4000000   16000000    12   0.620900  25.769045     2720    33299
     4000000   16000000    14   0.537400  29.772981     3009    50902
     4000000   16000000    16   0.493200  32.441200     1711    42103

#    VERTICS      EDGES NPROC  TIME(Sec) MEDGES/Sec   STEALS ATTEMPTS [Run: 1]

     9000000   36000000     1  18.529200   1.942879        0        0
     9000000   36000000     2   9.328800   3.859017        5      542
     9000000   36000000     4   4.804300   7.493287       26     4790
     9000000   36000000     6   3.122900  11.527747      242     8276
     9000000   36000000     8   2.381900  15.113985      777    18212
     9000000   36000000    10   1.911900  18.829437      609    20778
     9000000   36000000    12   1.593000  22.598870      859    27363
     9000000   36000000    14   1.328500  27.098231     1537    35496
     9000000   36000000    16   1.221600  29.469548      723    63127

#    VERTICS      EDGES NPROC  TIME(Sec) MEDGES/Sec   STEALS ATTEMPTS [Run: 2]

      250000    1000000     1   0.186600   5.359057        0        0
      250000    1000000     2   0.124100   8.058018        3      268
      250000    1000000     4   0.085300  11.723329       20     2794
      250000    1000000     6   0.062100  16.103060      277    14342
      250000    1000000     8   0.056300  17.761989     2248    46131
      250000    1000000    10   0.042300  23.640662      395    19954
      250000    1000000    12   0.028400  35.211268      665    15797
      250000    1000000    14   0.021200  47.169811     1862    48022
      250000    1000000    16   0.021500  46.511628     2308    40506

#    VERTICS      EDGES NPROC  TIME(Sec) MEDGES/Sec   STEALS ATTEMPTS [Run: 2]

     1000000    4000000     1   1.474000   2.713704        0        0
     1000000    4000000     2   0.742200   5.389383        7      190
     1000000    4000000     4   0.382400  10.460251       31     2176
     1000000    4000000     6   0.264300  15.134317      416     8634
     1000000    4000000     8   0.209200  19.120459       81     8892
     1000000    4000000    10   0.159100  25.141420     4036    35475
     1000000    4000000    12   0.135800  29.455081     4963    53665
     1000000    4000000    14   0.113300  35.304501     6487    89668
     1000000    4000000    16   0.107900  37.071362     1737    58326

#    VERTICS      EDGES NPROC  TIME(Sec) MEDGES/Sec   STEALS ATTEMPTS [Run: 2]

     4000000   16000000     1   7.451900   2.147103        0        0
     4000000   16000000     2   3.741300   4.276588        5      208
     4000000   16000000     4   1.880700   8.507471       37     2074
     4000000   16000000     6   1.235100  12.954417       50     4260
     4000000   16000000     8   0.946500  16.904385      256    10966
     4000000   16000000    10   0.786800  20.335536     1903    21641
     4000000   16000000    12   0.635600  25.173065     5634    47662
     4000000   16000000    14   0.530700  30.148860     4415    38922
     4000000   16000000    16   0.493400  32.428050     7744   101987

#    VERTICS      EDGES NPROC  TIME(Sec) MEDGES/Sec   STEALS ATTEMPTS [Run: 2]

     9000000   36000000     1  18.192200   1.978870        0        0
     9000000   36000000     2   9.360700   3.845866        5      144
     9000000   36000000     4   4.723200   7.621951       58     3251
     9000000   36000000     6   3.142300  11.456576      238     9070
     9000000   36000000     8   2.386700  15.083588       99    15314
     9000000   36000000    10   1.915500  18.794049      318    19263
     9000000   36000000    12   1.560900  23.063617     1780    32727
     9000000   36000000    14   1.368700  26.302331     2964    43959
     9000000   36000000    16   1.195000  30.125523     1570    56336

#    VERTICS      EDGES NPROC  TIME(Sec) MEDGES/Sec   STEALS ATTEMPTS [Run: 3]

      250000    1000000     1   0.187800   5.324814        0        0
      250000    1000000     2   0.128700   7.770008        3      142
      250000    1000000     4   0.093000  10.752688       32     2007
      250000    1000000     6   0.074400  13.440860       72    10701
      250000    1000000     8   0.056600  17.667845      479    30609
      250000    1000000    10   0.036900  27.100271      647    27971
      250000    1000000    12   0.024700  40.485830      296    20764
      250000    1000000    14   0.022400  44.642857     4092    34209
      250000    1000000    16   0.019200  52.083333      174    33806

#    VERTICS      EDGES NPROC  TIME(Sec) MEDGES/Sec   STEALS ATTEMPTS [Run: 3]

     1000000    4000000     1   1.482100   2.698873        0        0
     1000000    4000000     2   0.792900   5.044772        3      286
     1000000    4000000     4   0.393500  10.165184       32     1574
     1000000    4000000     6   0.270900  14.765596       32     7046
     1000000    4000000     8   0.196400  20.366599     1656    25338
     1000000    4000000    10   0.152200  26.281209     5204    71186
     1000000    4000000    12   0.137800  29.027576      560    18729
     1000000    4000000    14   0.117900  33.927057     4068    76210
     1000000    4000000    16   0.104500  38.277512      955    52309

#    VERTICS      EDGES NPROC  TIME(Sec) MEDGES/Sec   STEALS ATTEMPTS [Run: 3]

     4000000   16000000     1   7.442500   2.149815        0        0
     4000000   16000000     2   3.822300   4.185961       10      228
     4000000   16000000     4   1.864000   8.583691       39     2122
     4000000   16000000     6   1.235100  12.954417       45     4410
     4000000   16000000     8   0.938600  17.046665      626    12672
     4000000   16000000    10   0.780000  20.512821      495    15947
     4000000   16000000    12   0.642700  24.894974     1077    27893
     4000000   16000000    14   0.538600  29.706647     1243    27789
     4000000   16000000    16   0.492300  32.500508     8266    80856

#    VERTICS      EDGES NPROC  TIME(Sec) MEDGES/Sec   STEALS ATTEMPTS [Run: 3]

     9000000   36000000     1  18.507600   1.945147        0        0
     9000000   36000000     2   9.461100   3.805054       24      388
     9000000   36000000     4   4.773300   7.541952       83     4368
     9000000   36000000     6   3.122500  11.529223      119     7368
     9000000   36000000     8   2.313900  15.558149      342    42904
     9000000   36000000    10   1.893900  19.008395     1069    21536
     9000000   36000000    12   1.571700  22.905135      443    22612
     9000000   36000000    14   1.365900  26.356249     1372    40189
     9000000   36000000    16   1.207800  29.806259     1098    44990


############################################################
# End Time: 02/22/2008 - 05:43:05
############################################################
