############################################################
# Benchmark Host: moxie
# Number Of Processors: 32
#
# Number Of Scheduled Runs: 1
# Start Time: 02/25/2008 - 01:31:44
############################################################

#    VERTICS      EDGES NPROC  TIME(Sec) MEDGES/Sec   STEALS ATTEMPTS [Run: 1]

      250000    1000000     1   0.118100   8.467401        0        0
      250000    1000000     2   0.118200   8.460237        0     1014
      250000    1000000     4   1.637600   0.610650      512    24718
      250000    1000000     8   0.822400   1.215953    11174   246812
      250000    1000000    16   1.108400   0.902201    15836  1242087
      250000    1000000    20   1.196500   0.835771    15231  1964047
      250000    1000000    24   1.409100   0.709673    15499  2855665
      250000    1000000    30   1.352900   0.739153    17910  4083026
      250000    1000000    32   1.561000   0.640615    16804  4759687

#    VERTICS      EDGES NPROC  TIME(Sec) MEDGES/Sec   STEALS ATTEMPTS [Run: 1]

     1000000    4000000     1   0.402000   9.950249        0        0
     1000000    4000000     2   5.417700   0.738321      556    10384
     1000000    4000000     4   6.670400   0.599664     2275    84641
     1000000    4000000     8   1.423400   2.810173    39175   595641
     1000000    4000000    16   1.508300   2.651992    62761  2600595
     1000000    4000000    20   1.584300   2.524774    68837  4210379
     1000000    4000000    24   1.590600   2.514774    70570  6162956
     1000000    4000000    30   1.950300   2.050967    68111  9589059
     1000000    4000000    32   2.036300   1.964347    65426 10472986

#    VERTICS      EDGES NPROC  TIME(Sec) MEDGES/Sec   STEALS ATTEMPTS [Run: 1]

     4000000   16000000     1   1.572500  10.174881        0        0
     4000000   16000000     2  15.003000   1.066453     2344    30108
     4000000   16000000     4  15.674300   1.020779     8242   203979
     4000000   16000000     8   3.391300   4.717955   104314  1269860
     4000000   16000000    16   2.122800   7.537215   202793  5383832
     4000000   16000000    20   2.186900   7.316292   238294  8797254
     4000000   16000000    24   2.489100   6.428026   269538 13013138
     4000000   16000000    30   2.977300   5.373997   291915 21158147
     4000000   16000000    32   3.190700   5.014574   283254 23461246

#    VERTICS      EDGES NPROC  TIME(Sec) MEDGES/Sec   STEALS ATTEMPTS [Run: 1]

     9000000   36000000     1   3.702600   9.722897        0        0
     9000000   36000000     2  25.063600   1.436346     4025    50694
     9000000   36000000     4  25.638900   1.404116    26538   372884
     9000000   36000000     8   7.854200   4.583535   157423  1921223
     9000000   36000000    16   2.816700  12.780914   394387  8277389
     9000000   36000000    20   3.050400  11.801731   472742 13453570
     9000000   36000000    24   3.083000  11.676938   506114 19307253
     9000000   36000000    30   3.615700   9.956578   592268 31655660
     9000000   36000000    32   3.823700   9.414965   609205 35407222


############################################################
# End Time: 02/25/2008 - 02:51:28
############################################################
