############################################################
# Benchmark Host: altair
# Number Of Processors: 8
#
# Number Of Scheduled Runs: 3
# Start Time: 01/12/2008 - 09:47:40
############################################################
#
# Run: 1
#
# =================================================================
#   VERTICES      EDGES PROC  TIME(Sec)       EDGES/Sec [Run: 1]
# =================================================================
      100000     300000    1   0.064721      4635301.94
      100000     300000    2   0.055449      5410387.74
      100000     300000    4   0.027465     10922940.40
      100000     300000    8   0.018771     15982344.41
     1000000    3000000    1   0.845879      3546605.81
     1000000    3000000    2   0.466080      6436668.88
     1000000    3000000    4   0.253530     11832927.12
     1000000    3000000    8   0.157290     19073095.50
    10000000   30000000    1   8.713108      3443088.13
    10000000   30000000    2   4.403091      6813395.62
    10000000   30000000    4   2.386289     12571819.86
    10000000   30000000    8   1.502450     19967387.33
      100000     400000    1   0.072294      5532987.12
      100000     400000    2   0.053973      7411089.62
      100000     400000    4   0.034475     11602455.10
      100000     400000    8   0.023894     16740468.42
     1000000    4000000    1   0.790856      5057809.22
     1000000    4000000    2   0.483512      8272805.47
     1000000    4000000    4   0.235459     16988094.22
     1000000    4000000    8   0.174773     22886799.31
    10000000   40000000    1   9.027097      4431103.36
    10000000   40000000    2   4.554737      8782065.45
    10000000   40000000    4   2.448380     16337330.10
    10000000   40000000    8   1.479487     27036393.35
# =================================================================
#   VERTICES      EDGES PROC  TIME(Sec)       EDGES/Sec [Run: 2]
# =================================================================
      100000     300000    1   0.068256      4395212.40
      100000     300000    2   0.056298      5328791.88
      100000     300000    4   0.029621     10127903.95
      100000     300000    8   0.024860     12067356.12
     1000000    3000000    1   0.870369      3446813.64
     1000000    3000000    2   0.483374      6206369.39
     1000000    3000000    4   0.271918     11032722.07
     1000000    3000000    8   0.172296     17411925.82
    10000000   30000000    1   9.017381      3326908.48
    10000000   30000000    2   4.588685      6537820.71
    10000000   30000000    4   2.436909     12310675.02
    10000000   30000000    8   1.446537     20739187.23
      100000     400000    1   0.073333      5454580.36
      100000     400000    2   0.075195      5319501.57
      100000     400000    4   0.029505     13556972.31
      100000     400000    8   0.025680     15576169.92
     1000000    4000000    1   0.810392      4935881.50
     1000000    4000000    2   0.488124      8194641.92
     1000000    4000000    4   0.262047     15264433.68
     1000000    4000000    8   0.188470     21223583.19
    10000000   40000000    1   8.997671      4445594.98
    10000000   40000000    2   4.705717      8500298.62
    10000000   40000000    4   2.360754     16943741.52
    10000000   40000000    8   1.700751     23519023.52
# =================================================================
#   VERTICES      EDGES PROC  TIME(Sec)       EDGES/Sec [Run: 3]
# =================================================================
      100000     300000    1   0.067763      4427170.28
      100000     300000    2   0.056108      5346860.46
      100000     300000    4   0.031923      9397528.22
      100000     300000    8   0.024283     12354222.75
     1000000    3000000    1   0.790201      3796501.77
     1000000    3000000    2   0.474938      6316610.71
     1000000    3000000    4   0.245805     12204796.44
     1000000    3000000    8   0.159307     18831538.68
    10000000   30000000    1   8.650146      3468149.74
    10000000   30000000    2   4.563364      6574097.46
    10000000   30000000    4   2.426380     12364098.94
    10000000   30000000    8   1.487644     20166109.17
      100000     400000    1   0.070114      5705022.14
      100000     400000    2   0.067467      5928795.46
      100000     400000    4   0.026946     14844249.86
      100000     400000    8   0.023115     17305144.29
     1000000    4000000    1   0.822770      4861624.01
     1000000    4000000    2   0.473764      8443019.25
     1000000    4000000    4   0.251369     15912857.50
     1000000    4000000    8   0.189423     21116723.95
    10000000   40000000    1   8.505971      4702578.93
    10000000   40000000    2   4.721477      8471925.38
    10000000   40000000    4   2.325339     17201789.90
    10000000   40000000    8   1.550981     25790123.44
