############################################################
# Benchmark Host: altair
# Number Of Processors: 8
#
# Number Of Scheduled Runs: 3
# Start Time: 01/14/2008 - 02:50:04
############################################################
#
# Run: 1
#

# ===========================================================================
# [Run: 1] (Timings[COLS 4/8]: Seconds)
#   VERTICES      EDGES PROC     DFS[KGraph]       EDGES/Sec
# ===========================================================================

      100000     300000    1        0.030150      9950248.76
      100000     400000    1        0.026119     15314522.00
      100000     300000    2        0.017648     16999093.38
      100000     400000    2        0.019299     20726462.51
      100000     300000    4        0.010207     29391594.00
      100000     400000    4        0.011312     35360678.93
      100000     300000    8        0.008277     36245016.31
      100000     400000    8        0.009570     41797283.18
     1000000    3000000    1        0.469573      6388783.00
     1000000    4000000    1        0.435986      9174606.52
     1000000    3000000    2        0.231093     12981786.55
     1000000    4000000    2        0.263281     15192892.76
     1000000    3000000    4        0.133391     22490272.96
     1000000    4000000    4        0.195683     20441223.82
     1000000    3000000    8        0.125103     23980240.28
     1000000    4000000    8        0.099307     40279134.40
    10000000   30000000    1        7.852138      3820615.48
    10000000   40000000    1        8.683077      4606661.90
    10000000   30000000    2        3.674655      8164031.73
    10000000   40000000    2        4.511360      8866505.89
    10000000   30000000    4        2.399097     12504704.90
    10000000   40000000    4        2.789264     14340700.63
    10000000   30000000    8        1.465816     20466415.98
    10000000   40000000    8        2.529856     15811176.60

# ===========================================================================
# [Run: 2] (Timings[COLS 4/8]: Seconds)
#   VERTICES      EDGES PROC     DFS[KGraph]       EDGES/Sec
# ===========================================================================

      100000     300000    1        0.030937      9697126.42
      100000     400000    1        0.031838     12563603.24
      100000     300000    2        0.017399     17242370.25
      100000     400000    2        0.018586     21521575.38
      100000     300000    4        0.010250     29268292.68
      100000     400000    4        0.011267     35501908.23
      100000     300000    8        0.008333     36001440.06
      100000     400000    8        0.010179     39296591.02
     1000000    3000000    1        0.387520      7741535.92
     1000000    4000000    1        0.431362      9272954.04
     1000000    3000000    2        0.233125     12868632.71
     1000000    4000000    2        0.268523     14896303.11
     1000000    3000000    4        0.169961     17651108.20
     1000000    4000000    4        0.198018     20200183.82
     1000000    3000000    8        0.112479     26671645.37
     1000000    4000000    8        0.173329     23077500.01
    10000000   30000000    1        6.935542      4325545.14
    10000000   40000000    1        8.055017      4965849.23
    10000000   30000000    2        4.012990      7475722.59
    10000000   40000000    2        4.488676      8911313.71
    10000000   30000000    4        2.438127     12304527.20
    10000000   40000000    4        2.789115     14341466.74
    10000000   30000000    8        1.241862     24157273.51
    10000000   40000000    8        2.466065     16220172.62

# ===========================================================================
# [Run: 3] (Timings[COLS 4/8]: Seconds)
#   VERTICES      EDGES PROC     DFS[KGraph]       EDGES/Sec
# ===========================================================================

      100000     300000    1        0.025066     11968403.41
      100000     400000    1        0.026456     15119443.60
      100000     300000    2        0.016505     18176310.21
      100000     400000    2        0.018279     21883035.18
      100000     300000    4        0.010940     27422303.47
      100000     400000    4        0.011502     34776560.60
      100000     300000    8        0.008238     36416605.97
      100000     400000    8        0.009798     40824658.09
     1000000    3000000    1        0.459717      6525753.89
     1000000    4000000    1        0.426434      9380115.09
     1000000    3000000    2        0.228272     13142216.30
     1000000    4000000    2        0.259605     15408023.73
     1000000    3000000    4        0.172070     17434764.92
     1000000    4000000    4        0.199577     20042389.65
     1000000    3000000    8        0.118111     25399835.75
     1000000    4000000    8        0.179744     22253872.17
    10000000   30000000    1        7.884079      3805136.91
    10000000   40000000    1        8.655708      4621227.98
    10000000   30000000    2        3.777283      7942216.67
    10000000   40000000    2        4.508707      8871723.09
    10000000   30000000    4        2.153973     13927751.18
    10000000   40000000    4        2.571439     15555492.47
    10000000   30000000    8        1.561036     19218006.50
    10000000   40000000    8        1.508714     26512645.87
