############################################################
# Benchmark Host: v20n97.pbm.ihost.com
# Number Of Processors: 16
# Usable Physical Memory: 63488 MBytes
# SMT Enabled: false
# SMT Threads: 2
#
# Number Of Scheduled Runs: 5
# Start Time: 10/05/2007 - 13:05:00
############################################################

# =====================================================================================
# [Run: 1] (Timings[COLS 4]: Seconds)
#   VERTICES      EDGES PROC  TRAVERSE2       EDGES/Sec
# =====================================================================================

     1000000    4000000    1   1.031967      3876092.94
     1000000    4000000    2   0.738867      5413694.21
     1000000    4000000    3   0.525467      7612276.32
     1000000    4000000    4   0.409981      9756549.69
     1000000    4000000    5   0.325123     12303036.08
     1000000    4000000    6   0.278866     14343806.70
     1000000    4000000    7   0.240743     16615228.69
     1000000    4000000    8   0.212000     18867924.53
     1000000    4000000    9   0.188895     21175785.49
     1000000    4000000   10   0.172353     23208183.21
     1000000    4000000   11   0.156099     25624763.77
     1000000    4000000   12   0.143544     27866020.17
     1000000    4000000   13   0.134711     29693195.06
     1000000    4000000   14   0.125420     31892840.06
     1000000    4000000   15   0.118483     33760117.49
     1000000    4000000   16   0.112382     35592888.54

# =====================================================================================
# [Run: 1] (Timings[COLS 4]: Seconds)
#   VERTICES      EDGES PROC  TRAVERSE2       EDGES/Sec
# =====================================================================================

     2000000    8000000    1   2.482328      3222781.20
     2000000    8000000    2   1.591857      5025577.05
     2000000    8000000    3   1.196038      6688750.69
     2000000    8000000    4   0.922574      8671391.13
     2000000    8000000    5   0.742680     10771799.43
     2000000    8000000    6   0.628007     12738711.51
     2000000    8000000    7   0.535563     14937551.70
     2000000    8000000    8   0.471689     16960327.67
     2000000    8000000    9   0.419862     19053879.61
     2000000    8000000   10   0.379404     21085702.84
     2000000    8000000   11   0.345255     23171279.20
     2000000    8000000   12   0.319006     25077898.22
     2000000    8000000   13   0.296005     27026570.50
     2000000    8000000   14   0.275032     29087524.36
     2000000    8000000   15   0.258871     30903422.94
     2000000    8000000   16   0.243131     32904072.29

# =====================================================================================
# [Run: 1] (Timings[COLS 4]: Seconds)
#   VERTICES      EDGES PROC  TRAVERSE2       EDGES/Sec
# =====================================================================================

     3000000   12000000    1   4.182398      2869167.40
     3000000   12000000    2   2.680142      4477374.71
     3000000   12000000    3   1.914137      6269143.74
     3000000   12000000    4   1.440351      8331302.58
     3000000   12000000    5   1.185425     10122951.68
     3000000   12000000    6   0.997374     12031594.97
     3000000   12000000    7   0.855937     14019723.41
     3000000   12000000    8   0.750873     15981397.65
     3000000   12000000    9   0.666015     18017612.22
     3000000   12000000   10   0.603196     19894031.13
     3000000   12000000   11   0.551648     21753001.91
     3000000   12000000   12   0.505686     23730140.84
     3000000   12000000   13   0.468921     25590664.53
     3000000   12000000   14   0.438568     27361777.42
     3000000   12000000   15   0.410182     29255306.18
     3000000   12000000   16   0.385305     31144158.52

# =====================================================================================
# [Run: 1] (Timings[COLS 4]: Seconds)
#   VERTICES      EDGES PROC  TRAVERSE2       EDGES/Sec
# =====================================================================================

     4000000   16000000    1   6.419683      2492334.90
     4000000   16000000    2   3.866343      4138277.44
     4000000   16000000    3   2.670456      5991486.10
     4000000   16000000    4   2.022499      7911005.15
     4000000   16000000    5   1.642408      9741793.76
     4000000   16000000    6   1.389934     11511337.95
     4000000   16000000    7   1.192235     13420173.04
     4000000   16000000    8   1.045120     15309246.79
     4000000   16000000    9   0.917913     17430845.84
     4000000   16000000   10   0.837208     19111140.84
     4000000   16000000   11   0.761947     20998835.88
     4000000   16000000   12   0.699578     22870930.76
     4000000   16000000   13   0.647848     24697151.18
     4000000   16000000   14   0.607077     26355800.01
     4000000   16000000   15   0.569467     28096448.08
     4000000   16000000   16   0.532989     30019381.26

# =====================================================================================
# [Run: 1] (Timings[COLS 4]: Seconds)
#   VERTICES      EDGES PROC  TRAVERSE2       EDGES/Sec
# =====================================================================================

     5000000   20000000    1   8.892048      2249200.63
     5000000   20000000    2   4.812000      4156275.98
     5000000   20000000    3   3.470081      5763554.22
     5000000   20000000    4   2.632641      7596934.03
     5000000   20000000    5   2.132672      9377907.15
     5000000   20000000    6   1.783253     11215458.49
     5000000   20000000    7   1.528997     13080470.40
     5000000   20000000    8   1.374964     14545835.38
     5000000   20000000    9   1.199317     16676158.18
     5000000   20000000   10   1.076300     18582179.69
     5000000   20000000   11   0.981568     20375562.37
     5000000   20000000   12   0.902606     22158062.32
     5000000   20000000   13   0.836803     23900487.93
     5000000   20000000   14   0.780011     25640664.04
     5000000   20000000   15   0.730345     27384318.37
     5000000   20000000   16   0.685206     29188302.50
