############################################################
# Benchmark Host: moxie
# Number Of Processors: 32
#
# Number Of Scheduled Runs: 3
# Start Time: 01/17/2008 - 20:17:30
############################################################
#
# =================================================================
#   VERTICES      EDGES PROC  TIME(Sec)       EDGES/Sec [Run: 2]
# =================================================================
       90000     360000    1   0.830995       .43
       90000     360000    2   0.477842       .75
       90000     360000    4   0.220952      1.63
       90000     360000    8   0.117340      3.07
       90000     360000   16   0.068401      5.27
       90000     360000   32   0.392248       .92
      810000    3240000    1   9.012912       .36
      810000    3240000    2   4.553380       .71
      810000    3240000    4   2.351852      1.38
      810000    3240000    8   1.305913      2.48
      810000    3240000   16   0.775148      4.18
      810000    3240000   32   1.081343      3.00
     7290000   29160000    1  93.262261       .31
     7290000   29160000    2  48.419599       .60
     7290000   29160000    4  26.792928      1.09
     7290000   29160000    8  14.991599      1.95
     7290000   29160000   16   8.348339      3.49
     7290000   29160000   32   7.487839      3.89

C
############################################################
# Benchmark Host: moxie
# Number Of Processors: 32
#
# Number Of Scheduled Runs: 3
# Start Time: 01/17/2008 - 04:21:38
############################################################
# ===========================================================================
# [Run: 3] (Timings[COLS 4/8]: Seconds)
#   VERTICES      EDGES PROC       SV[Torus]       EDGES/Sec
# ===========================================================================

       90000     360000    1        0.362068       .99
       90000     360000    2        0.167783      2.15
       90000     360000    4        0.090328      3.98
       90000     360000    8        0.054062      6.66
       90000     360000   16        0.037635      9.57
       90000     360000   32        0.042282      8.51
      810000    3240000    1        5.676950       .57
      810000    3240000    2        2.388194      1.36
      810000    3240000    4        1.432517      2.26
      810000    3240000    8        0.712287      4.55
      810000    3240000   16        0.489973      6.61
      810000    3240000   32        0.339057      9.56
     7290000   29160000    1       89.403532       .37
     7290000   29160000    2       49.861724       .58
     7290000   29160000    4       27.547758      1.06
     7290000   29160000    8       14.000530      2.08
     7290000   29160000   16        7.964918      3.67
     7290000   29160000   32        5.206251      5.60
