XWS
# =================================================================
#   VERTICES      EDGES PROC  MEDGES/Sec 
# =================================================================
      100000     400000    1   5.40 
      100000     400000    2   9.68
      100000     400000    4  17.70 
      100000     400000    8  16.16
     1000000    4000000    1   4.47
     1000000    4000000    2   8.43
     1000000    4000000    4  16.07
     1000000    4000000    8  19.30
     5000000   20000000    1   4.10
     5000000   20000000    2   8.40
     5000000   20000000    4  14.52
     5000000   20000000    8  21.72
    10000000   40000000    1   3.04
    10000000   40000000    2   5.90
    10000000   40000000    4  11.74
    10000000   40000000    8  13.25
Cilk

#    VERTICS      EDGES PROCS  TIME(Sec)       EDGES/Sec [Run: 1]

      100000     400000     1   0.064063      6.24
      100000     400000     2   0.039807     10.05
      100000     400000     4   0.039843     10.04
      100000     400000     8   0.044363      9.02
     1000000    4000000     1   1.019098      3.93
     1000000    4000000     2   0.651239      6.14
     1000000    4000000     4   0.401432      9.96
     1000000    4000000     8   0.377362     10.60
     5000000   20000000     1   6.407827      3.12
     5000000   20000000     2   3.780868      5.29
     5000000   20000000     4   2.380248      8.40
     5000000   20000000     8   2.145079      9.32


C
############################################################
# Benchmark Host: altair
# Number Of Processors: 8
#
# Number Of Scheduled Runs: 2
# Start Time: 01/19/2008 - 05:47:21
############################################################
# ===========================================================================
# [Run: 1] (Timings[COLS 4/8]: Seconds)
#   VERTICES      EDGES PROC     DFS[Random]       EDGES/Sec
# ===========================================================================

      100000     400000    1        0.032890     12.16
      100000     400000    2        0.022159     18.05
      100000     400000    4        0.012519     31.95
      100000     400000    8        0.008927     44.81
     1000000    4000000    1        0.597343      6.70
     1000000    4000000    2        0.369814     10.82
     1000000    4000000    4        0.200787     19.92
     1000000    4000000    8        0.130084     30.75
     5000000   20000000    1        3.819491      5.24
     5000000   20000000    2        2.262661      8.84
     5000000   20000000    4        1.312099     15.24
     5000000   20000000    8        1.008905     19.82
    10000000   40000000    1       10.018627      4.00
    10000000   40000000    2        5.740805      6.97
    10000000   40000000    4        2.994286     13.36
    10000000   40000000    8        1.931215     20.71


   

