############################################################
# Benchmark Host: v20n30.pbm.ihost.com
# Number Of Processors: 16
#
# Number Of Scheduled Runs: 1
# Start Time: 02/22/2008 - 07:43:17
############################################################

#    VERTICS      EDGES NPROC  TIME(Sec) MEDGES/Sec [Run: 1]

      250000    1000000     1   0.472110   2.118151
      250000    1000000     2   0.233684   4.279292
      250000    1000000     4   0.115532   8.655630
      250000    1000000     6   0.076294  13.107151
      250000    1000000     8   0.058889  16.981169
      250000    1000000    10   0.050744  19.706735
      250000    1000000    12   0.042706  23.415838
      250000    1000000    14   0.036678  27.264096
      250000    1000000    16   0.048003  20.832052

#    VERTICS      EDGES NPROC  TIME(Sec) MEDGES/Sec [Run: 1]

     1000000    4000000     1   2.941503   1.359849
     1000000    4000000     2   1.494940   2.675692
     1000000    4000000     4   0.895475   4.466905
     1000000    4000000     6   0.486081   8.229076
     1000000    4000000     8   0.437352   9.145950
     1000000    4000000    10   0.350236  11.420877
     1000000    4000000    12   0.322388  12.407393
     1000000    4000000    14   0.255357  15.664345
     1000000    4000000    16   0.229252  17.448066

#    VERTICS      EDGES NPROC  TIME(Sec) MEDGES/Sec [Run: 1]

     4000000   16000000     1  18.430707   0.868116
     4000000   16000000     2   9.537713   1.677551
     4000000   16000000     4   5.139970   3.112859
     4000000   16000000     6   3.900408   4.102135
     4000000   16000000     8   2.997414   5.337935
     4000000   16000000    10   2.405353   6.651830
     4000000   16000000    12   2.507588   6.380633
     4000000   16000000    14   2.391737   6.689698
     4000000   16000000    16   2.351512   6.804132

#    VERTICS      EDGES NPROC  TIME(Sec) MEDGES/Sec [Run: 1]

     9000000   36000000     1  58.923793   0.610959
     9000000   36000000     2  33.148283   1.086029
     9000000   36000000     4  15.605306   2.306908
     9000000   36000000     6  10.874513   3.310493
     9000000   36000000     8   8.696056   4.139808
     9000000   36000000    10   7.294344   4.935331
     9000000   36000000    12   6.584968   5.466997
     9000000   36000000    14   6.468634   5.565317
     9000000   36000000    16   5.784560   6.223464


############################################################
# End Time: 02/22/2008 - 09:08:53
############################################################
