############################################################
# Benchmark Host: moxie
# Number Of Processors: 32
#
# Number Of Scheduled Runs: 3
# Start Time: 01/17/2008 - 05:01:29
############################################################
#
# Run: 1
#

# ===========================================================================
# [Run: 1] (Timings[COLS 4/8]: Seconds)
#   VERTICES      EDGES PROC      SV[KGraph]       EDGES/Sec
# ===========================================================================

      100000     300000    1        0.285241      1051742.21
      100000     400000    1        0.342710      1167167.58
      100000     300000    2        0.167026      1796127.55
      100000     400000    2        0.203213      1968378.01
      100000     300000    4        0.080836      3711217.77
      100000     400000    4        0.095265      4198813.84
      100000     300000    8        0.048325      6207966.89
      100000     400000    8        0.055680      7183908.05
      100000     300000   16        0.036436      8233615.11
      100000     400000   16        0.049430      8092251.67
      100000     300000   32        0.043691      6866402.69
      100000     400000   32        0.041524      9632983.33
     1000000    3000000    1        4.597638       652508.96
     1000000    4000000    1        5.011766       798121.86
     1000000    3000000    2        2.495386      1202218.82
     1000000    4000000    2        4.923523       812426.39
     1000000    3000000    4        1.392501      2154397.02
     1000000    4000000    4        1.642728      2434974.02
     1000000    3000000    8        0.684758      4381109.82
     1000000    4000000    8        0.936133      4272897.12
     1000000    3000000   16        0.507049      5916587.94
     1000000    4000000   16        0.552423      7240828.13
     1000000    3000000   32        0.345842      8674481.41
     1000000    4000000   32        0.476899      8387520.21
    10000000   30000000    1       91.631451       327398.50
    10000000   40000000    1      106.644577       375077.68
    10000000   30000000    2       50.077434       599072.23
    10000000   40000000    2       56.479984       708215.50
    10000000   30000000    4       28.044835      1069715.69
    10000000   40000000    4       34.375091      1163633.28
    10000000   30000000    8       17.359101      1728200.10
    10000000   40000000    8       19.270410      2075721.27
    10000000   30000000   16        8.933012      3358329.75
    10000000   40000000   16        9.573756      4178088.52
    10000000   30000000   32        5.933814      5055770.20
    10000000   40000000   32        7.446112      5371931.02

# ===========================================================================
# [Run: 2] (Timings[COLS 4/8]: Seconds)
#   VERTICES      EDGES PROC      SV[KGraph]       EDGES/Sec
# ===========================================================================

      100000     300000    1        0.289656      1035711.33
      100000     400000    1        0.346624      1153988.18
      100000     300000    2        0.166975      1796676.15
      100000     400000    2        0.176620      2264749.18
      100000     300000    4        0.083361      3598805.20
      100000     400000    4        0.109648      3648037.36
      100000     300000    8        0.043339      6922171.72
      100000     400000    8        0.055956      7148473.80
      100000     300000   16        0.036274      8270386.50
      100000     400000   16        0.059948      6672449.46
      100000     300000   32        0.039083      7675971.65
      100000     400000   32        0.041628      9608917.08
     1000000    3000000    1        4.591353       653402.17
     1000000    4000000    1        5.015306       797558.51
     1000000    3000000    2        2.499867      1200063.84
     1000000    4000000    2        4.185623       955652.24
     1000000    3000000    4        1.414151      2121414.19
     1000000    4000000    4        1.645319      2431139.49
     1000000    3000000    8        0.794284      3776986.57
     1000000    4000000    8        1.040512      3844261.29
     1000000    3000000   16        0.472189      6353388.16
     1000000    4000000   16        0.593978      6734256.15
     1000000    3000000   32        0.372250      8059100.07
     1000000    4000000   32        0.427368      9359615.13
    10000000   30000000    1       91.605583       327490.96
    10000000   40000000    1      106.711853       374841.21
    10000000   30000000    2       50.099011       598814.22
