############################################################
# Benchmark Host: altair
# Number Of Processors: 8
#
# Number Of Scheduled Runs: 3
# Start Time: 01/14/2008 - 02:50:04
############################################################

# ===========================================================================
# [Run: 1] (Timings[COLS 4/8]: Seconds)
#   VERTICES      EDGES PROC     BFS[KGraph]       EDGES/Sec
# ===========================================================================

      100000     300000    1        0.030057      9981036.03
      100000     400000    1        0.026878     14882059.68
      100000     300000    2        0.018704     16039349.87
      100000     400000    2        0.019380     20639834.88
      100000     300000    4        0.010296     29137529.14
      100000     400000    4        0.013698     29201343.26
      100000     300000    8        0.008765     34227039.36
      100000     400000    8        0.010138     39455513.91
     1000000    3000000    1        0.464977      6451932.03
     1000000    4000000    1        0.431325      9273749.49
     1000000    3000000    2        0.256449     11698232.40
     1000000    4000000    2        0.270429     14791313.06
     1000000    3000000    4        0.137739     21780323.66
     1000000    4000000    4        0.226639     17649213.07
     1000000    3000000    8        0.154727     19388988.35
     1000000    4000000    8        0.114042     35074797.00
    10000000   30000000    1        9.003110      3332181.88
    10000000   40000000    1        9.598891      4167148.06
    10000000   30000000    2        4.291217      6991023.76
    10000000   40000000    2        5.268320      7592553.22
    10000000   30000000    4        3.016826      9944226.15
    10000000   40000000    4        3.236781     12357956.87
    10000000   30000000    8        1.865708     16079686.64
    10000000   40000000    8        2.887527     13852684.32

# ===========================================================================
# [Run: 2] (Timings[COLS 4/8]: Seconds)
#   VERTICES      EDGES PROC     BFS[KGraph]       EDGES/Sec
# ===========================================================================

      100000     300000    1        0.031174      9623404.12
      100000     400000    1        0.032819     12188061.79
      100000     300000    2        0.017324     17317016.86
      100000     400000    2        0.019881     20119712.29
      100000     300000    4        0.010252     29262582.91
      100000     400000    4        0.013399     29852974.10
      100000     300000    8        0.008821     34009749.46
      100000     400000    8        0.010828     36941263.39
     1000000    3000000    1        0.383950      7813517.39
     1000000    4000000    1        0.429082      9322227.45
     1000000    3000000    2        0.258983     11583771.91
     1000000    4000000    2        0.277025     14439130.04
     1000000    3000000    4        0.162314     18482694.04
     1000000    4000000    4        0.217876     18359066.63
     1000000    3000000    8        0.143733     20872033.56
     1000000    4000000    8        0.203005     19703948.18
    10000000   30000000    1        7.853378      3820012.23
    10000000   40000000    1        9.010922      4439057.40
    10000000   30000000    2        4.663284      6433234.60
    10000000   40000000    2        5.415674      7385968.95
    10000000   30000000    4        3.031496      9896104.10
    10000000   40000000    4        3.450999     11590846.59
    10000000   30000000    8        1.631115     18392326.72
    10000000   40000000    8        2.914837     13722894.28

# ===========================================================================
# [Run: 3] (Timings[COLS 4/8]: Seconds)
#   VERTICES      EDGES PROC     BFS[KGraph]       EDGES/Sec
# ===========================================================================

      100000     300000    1        0.025266     11873664.21
      100000     400000    1        0.027301     14651477.97
      100000     300000    2        0.016354     18344135.99
      100000     400000    2        0.018906     21157304.56
      100000     300000    4        0.012022     24954250.54
      100000     400000    4        0.013598     29416090.60
      100000     300000    8        0.008417     35642152.79
      100000     400000    8        0.010495     38113387.33
     1000000    3000000    1        0.453698      6612328.02
     1000000    4000000    1        0.419757      9529322.92
     1000000    3000000    2        0.253661     11826808.22
     1000000    4000000    2        0.273585     14620684.61
     1000000    3000000    4        0.216904     13831003.58
     1000000    4000000    4        0.221029     18097172.77
     1000000    3000000    8        0.148338     20224082.84
     1000000    4000000    8        0.210549     18997952.97
    10000000   30000000    1        9.036716      3319790.07
    10000000   40000000    1        9.533991      4195514.76
    10000000   30000000    2        4.633731      6474264.47
    10000000   40000000    2        5.097937      7846311.16
    10000000   30000000    4        2.635935     11381160.76
    10000000   40000000    4        3.098694     12908664.10
    10000000   30000000    8        1.933555     15515462.45
    10000000   40000000    8        1.768225     22621555.51
