############################################################
# Benchmark Host: moxie
# Number Of Processors: 32
#
# Number Of Scheduled Runs: 1
# Start Time: 02/17/2008 - 05:31:06
############################################################

#    VERTICS      EDGES PROC Time(Secs) MEDGES/Sec [Run: 1]


      250000    1000000    1   1.039842   0.961685
      250000    1000000    2   0.474062   2.109429
      250000    1000000    4   0.253769   3.940592
      250000    1000000    8   0.143371   6.974911
      250000    1000000   16   0.093007  10.751879
      250000    1000000   20   0.072282  13.834703
      250000    1000000   24   0.067587  14.795745
      250000    1000000   30   0.071132  14.058370
      250000    1000000   32   0.061853  16.167365


     1000000    4000000    1   5.064636   0.789790
     1000000    4000000    2   3.853724   1.037957
     1000000    4000000    4   1.681901   2.378261
     1000000    4000000    8   0.941550   4.248314
     1000000    4000000   16   0.480576   8.323345
     1000000    4000000   20   0.455842   8.774970
     1000000    4000000   24   0.350241  11.420707
     1000000    4000000   30   0.415894   9.617835
     1000000    4000000   32   0.330976  12.085468


     4000000   16000000    1  42.780806   0.373999
     4000000   16000000    2  22.701044   0.704813
     4000000   16000000    4  12.222714   1.309038
     4000000   16000000    8   6.910755   2.315232
     4000000   16000000   16   4.821326   3.318589
     4000000   16000000   20   3.968760   4.031486
     4000000   16000000   24   2.435637   6.569123
     4000000   16000000   30   2.588326   6.181602
     4000000   16000000   32   2.266634   7.058925


     9000000   36000000    1 107.990261   0.333363
     9000000   36000000    2  57.198421   0.629388
     9000000   36000000    4  30.646193   1.174697
     9000000   36000000    8  17.088142   2.106724
     9000000   36000000   16  14.227211   2.530362
     9000000   36000000   20   7.077659   5.086428
     9000000   36000000   24   6.140351   5.862857
     9000000   36000000   30   5.121922   7.028612
     9000000   36000000   32   5.133860   7.012268


############################################################
# End Time: 02/17/2008 - 06:24:57
############################################################
