############################################################
# Benchmark Host: moxie
# Number Of Processors: 32
#
# Number Of Scheduled Runs: 1
# Start Time: 02/18/2008 - 02:46:40
############################################################


#    VERTICS      EDGES PROCS  TIME(Sec) MEDGES/Sec [Run: 1]



      250000    1000000     1   0.533811   1.873322
      250000    1000000     2   0.295021   3.389589
      250000    1000000     4   0.361370   2.767247
      250000    1000000     8   0.406630   2.459238
      250000    1000000    16   0.413076   2.420862
      250000    1000000    20   0.457146   2.187485
      250000    1000000    24   0.432206   2.313712
      250000    1000000    30   0.535846   1.866208
      250000    1000000    32   0.428161   2.335570


     1000000    4000000     1   3.968527   1.007931
     1000000    4000000     2   2.019983   1.980215
     1000000    4000000     4   1.347946   2.967478
     1000000    4000000     8   1.268212   3.154047
     1000000    4000000    16   1.345878   2.972038
     1000000    4000000    20   1.374236   2.910708
     1000000    4000000    24   1.369911   2.919898
     1000000    4000000    30   1.406832   2.843268
     1000000    4000000    32   1.438481   2.780711


     4000000   16000000     1  30.346011   0.527252
     4000000   16000000     2  15.432364   1.036782
     4000000   16000000     4   9.554645   1.674578
     4000000   16000000     8   5.935885   2.695470
     4000000   16000000    16   3.839237   4.167495
     4000000   16000000    20   3.404827   4.699211
     4000000   16000000    24   3.560294   4.494011
     4000000   16000000    30   3.190324   5.015165
     4000000   16000000    32   3.246423   4.928501


     9000000   36000000     1  79.459195   0.453063
     9000000   36000000     2  40.446486   0.890065
     9000000   36000000     4  21.272966   1.692289
     9000000   36000000     8  11.891653   3.027334
     9000000   36000000    16   7.871921   4.573217
     9000000   36000000    20   6.951915   5.178429
     9000000   36000000    24   6.550286   5.495943
     9000000   36000000    30   5.996771   6.003231
     9000000   36000000    32   5.931712   6.069074


############################################################
# End Time: 02/18/2008 - 03:08:47
############################################################
