############################################################
# Benchmark Host: moxie
# Number Of Processors: 32
#
# Number Of Scheduled Runs: 3
# Start Time: 01/17/2008 - 13:26:14
############################################################
#
# Run: 1
#
# =================================================================
#   VERTICES      EDGES PROC  TIME(Sec)       EDGES/Sec [Run: 1]
# =================================================================
      100000     300000    1   0.751465       399220.40
      100000     300000    2   0.390743       767768.23
      100000     300000    4   0.201006      1492494.90
      100000     300000    8   0.112465      2667498.62
      100000     300000   16   0.071280      4208729.47
      100000     300000   32   0.576603       520288.64
     1000000    3000000    1  12.236647       245165.20
     1000000    3000000    2   5.346733       561090.35
     1000000    3000000    4   2.762050      1086149.61
     1000000    3000000    8   1.481619      2024811.75
     1000000    3000000   16   0.832644      3602979.01
     1000000    3000000   32   1.342674      2234346.94
    10000000   30000000    1 140.216721       213954.51
    10000000   30000000    2  72.479785       413908.51
    10000000   30000000    4  32.487184       923441.08
    10000000   30000000    8  19.892709      1508090.23
    10000000   30000000   16  11.076440      2708451.46
    10000000   30000000   32   9.544154      3143285.33
      100000     400000    1   0.758716       527206.38
      100000     400000    2   0.390169      1025196.18
      100000     400000    4   0.203365      1966902.91
      100000     400000    8   0.113116      3536182.02
      100000     400000   16   0.074304      5383267.08
      100000     400000   32   0.555635       719897.40
     1000000    4000000    1  12.136722       329578.28
     1000000    4000000    2   6.205559       644583.32
     1000000    4000000    4   2.739846      1459935.99
     1000000    4000000    8   1.465560      2729331.76
     1000000    4000000   16   0.822055      4865854.42
     1000000    4000000   32   1.285243      3112252.73
    10000000   40000000    1 140.260305       285184.04
    10000000   40000000    2  72.405658       552443.02
    10000000   40000000    4  37.485926      1067067.14
    10000000   40000000    8  19.923490      2007680.34
    10000000   40000000   16  11.154068      3586135.62
    10000000   40000000   32   9.751954      4101742.09
# =================================================================
#   VERTICES      EDGES PROC  TIME(Sec)       EDGES/Sec [Run: 2]
# =================================================================
      100000     300000    1   0.750115       399938.43
      100000     300000    2   0.393758       761889.91
      100000     300000    4   0.201421      1489419.32
      100000     300000    8   0.113625      2640266.14
      100000     300000   16   0.072466      4139874.78
      100000     300000   32   0.538505       557097.79
     1000000    3000000    1  13.966004       214807.32
     1000000    3000000    2   5.307633       565223.73
     1000000    3000000    4   3.203841       936375.97
     1000000    3000000    8   1.464904      2047915.93
     1000000    3000000   16   0.962862      3115711.79
     1000000    3000000   32   0.915534      3276775.42
    10000000   30000000    1 140.588993       213387.97
    10000000   30000000    2  62.144942       482742.42
    10000000   30000000    4  32.342447       927573.60
    10000000   30000000    8  19.900483      1507501.13
    10000000   30000000   16  11.179769      2683418.50
    10000000   30000000   32   9.711579      3089095.96
      100000     400000    1   0.751197       532483.14
      100000     400000    2   0.387743      1031609.93
      100000     400000    4   0.196646      2034114.31
      100000     400000    8   0.108969      3670772.49
      100000     400000   16   0.062043      6447103.15
      100000     400000   32   0.665735       600839.92
     1000000    4000000    1  10.334977       387035.22
     1000000    4000000    2   6.232979       641747.70
     1000000    4000000    4   2.737214      1461340.10
     1000000    4000000    8   1.722204      2322604.70
     1000000    4000000   16   0.831912      4808202.13
     1000000    4000000   32   1.220867      3276360.01
    10000000   40000000    1 140.316120       285070.60
    10000000   40000000    2  72.315190       553134.13
    10000000   40000000    4  37.466826      1067611.13
    10000000   40000000    8  20.165666      1983569.48
    10000000   40000000   16  11.314629      3535246.13
    10000000   40000000   32   9.804694      4079678.43
# =================================================================
#   VERTICES      EDGES PROC  TIME(Sec)       EDGES/Sec [Run: 3]
# =================================================================
      100000     300000    1   0.756781       396415.68
      100000     300000    2   0.454065       660698.24
      100000     300000    4   0.199318      1505135.11
      100000     300000    8   0.113797      2636271.77
      100000     300000   16   0.068367      4388056.49
      100000     300000   32   0.209208      1433977.28
     1000000    3000000    1  12.168224       246543.79
     1000000    3000000    2   5.383494       557258.95
     1000000    3000000    4   3.239362       926108.21
     1000000    3000000    8   1.709367      1755035.33
     1000000    3000000   16   0.826124      3631414.08
     1000000    3000000   32   1.357757      2209526.38
    10000000   30000000    1 140.578316       213404.18
    10000000   30000000    2  72.830296       411916.49
    10000000   30000000    4  37.474949       800534.77
    10000000   30000000    8  17.498243      1714457.86
    10000000   30000000   16  11.308472      2652878.29
    10000000   30000000   32   9.896878      3031258.97
      100000     400000    1   0.750850       532729.80
      100000     400000    2   0.391147      1022634.67
      100000     400000    4   0.200517      1994846.69
      100000     400000    8   0.109658      3647698.83
      100000     400000   16   0.068404      5847595.44
      100000     400000   32   0.900994       443954.01
     1000000    4000000    1  12.124412       329912.92
     1000000    4000000    2   6.215792       643522.14
     1000000    4000000    4   2.778400      1439677.47
     1000000    4000000    8   1.709396      2340007.53
     1000000    4000000   16   0.964138      4148782.44
     1000000    4000000   32   1.217631      3285066.26
    10000000   40000000    1 140.246530       285212.05
    10000000   40000000    2  72.312654       553153.54
    10000000   40000000    4  32.199824      1242242.80
    10000000   40000000    8  19.914174      2008619.62
    10000000   40000000   16   9.866575      4054091.61
    10000000   40000000   32   8.958185      4465190.06
