############################################################
# Benchmark Host: altair
# Number Of Processors: 8
#
# Number Of Scheduled Runs: 2
# Start Time: 01/19/2008 - 05:25:51
############################################################
#
# Run: 1
#


#    VERTICS      EDGES PARTS PROCS  TIME(Sec)       EDGES/Sec [Run: 1]

     5000000   15000000    64     1   2.366985      6337175.77
     5000000   15000000    64     2   1.518571      9877707.40
     5000000   15000000    64     4   1.043799     14370582.84
     5000000   15000000    64     8   1.031934     14535813.34
     5000000   20000000    64     1   2.600793      7689962.25
     5000000   20000000    64     2   1.510629     13239518.11
     5000000   20000000    64     4   1.107328     18061495.78
     5000000   20000000    64     8   1.079943     18519495.94
     5000000   15000000   128     1   2.437603      6153586.13
     5000000   15000000   128     2   1.436058     10445260.57
     5000000   15000000   128     4   1.019322     14715663.94
     5000000   15000000   128     8   1.046435     14334382.93
     5000000   20000000   128     1   2.625662      7617126.65
     5000000   20000000   128     2   1.537025     13012150.10
     5000000   20000000   128     4   1.126347     17756517.31
     5000000   20000000   128     8   1.086711     18404157.13


#    VERTICS      EDGES PARTS PROCS  TIME(Sec)       EDGES/Sec [Run: 2]

     5000000   15000000    64     1   2.400976      6247459.37
     5000000   15000000    64     2   1.521209      9860578.00
     5000000   15000000    64     4   1.122014     13368817.14
     5000000   15000000    64     8   1.066335     14066873.92
     5000000   20000000    64     1   2.649822      7547676.79
     5000000   20000000    64     2   1.646845     12144433.75
     5000000   20000000    64     4   1.110947     18002658.99
     5000000   20000000    64     8   1.119489     17865293.90
     5000000   15000000   128     1   2.390816      6274008.54
     5000000   15000000   128     2   1.412818     10617078.77
     5000000   15000000   128     4   1.012464     14815341.58
     5000000   15000000   128     8   1.067759     14048113.85
     5000000   20000000   128     1   2.605958      7674720.77
     5000000   20000000   128     2   1.504456     13293841.76
     5000000   20000000   128     4   1.115670     17926447.78
     5000000   20000000   128     8   1.170586     17085459.76
