############################################################
# Benchmark Host: altair
# Number Of Processors: 8
#
# Number Of Scheduled Runs: 3
# Start Time: 01/18/2008 - 01:05:08
############################################################
#
# Run: 1
#
# =================================================================
#   VERTICES      EDGES PROC  TIME(Sec)       EDGES/Sec [Run: 1]
# =================================================================
      100000     400000    1   0.173567      2304587.97
      100000     400000    2   0.089834      4452658.91
      100000     400000    4   0.066321      6031316.62
      100000     400000    8   0.060709      6588825.08
     1000000    4000000    1   3.964873      1008859.49
     1000000    4000000    2   2.220794      1801157.77
     1000000    4000000    4   1.703757      2347752.68
     1000000    4000000    8   1.568220      2550661.80
    10000000   40000000    1  68.208710       586435.37
    10000000   40000000    2  38.331043      1043540.62
    10000000   40000000    4  31.089438      1286610.59
    10000000   40000000    8  16.949928      2359892.02
# =================================================================
#   VERTICES      EDGES PROC  TIME(Sec)       EDGES/Sec [Run: 2]
# =================================================================
      100000     400000    1   0.162264      2465118.66
      100000     400000    2   0.104100      3842443.89
      100000     400000    4   0.061843      6467986.93
      100000     400000    8   0.068740      5819053.53
     1000000    4000000    1   4.022597       994382.60
     1000000    4000000    2   2.449018      1633307.92
     1000000    4000000    4   1.555855      2570934.12
     1000000    4000000    8   1.103713      3624129.00
    10000000   40000000    1  66.991198       597093.36
    10000000   40000000    2  38.754232      1032145.33
    10000000   40000000    4  29.808753      1341887.72
    10000000   40000000    8  19.640436      2036614.62
# =================================================================
#   VERTICES      EDGES PROC  TIME(Sec)       EDGES/Sec [Run: 3]
# =================================================================
      100000     400000    1   0.162257      2465228.35
      100000     400000    2   0.096025      4165587.74
      100000     400000    4   0.065886      6071128.15
      100000     400000    8   0.065512      6105764.48
     1000000    4000000    1   3.969468      1007691.62
     1000000    4000000    2   2.255764      1773235.48
     1000000    4000000    4   1.573111      2542732.78
     1000000    4000000    8   1.768809      2261408.37
    10000000   40000000    1  68.319399       585485.25
    10000000   40000000    2  44.189212       905198.31
    10000000   40000000    4  31.015534      1289676.32
    10000000   40000000    8  21.655762      1847083.51
