############################################################
# Benchmark Host: altair
# Number Of Processors: 8
#
# Number Of Scheduled Runs: 3
# Start Time: 02/18/2008 - 04:33:58
############################################################


#    VERTICS      EDGES PROCS  TIME(Sec) MEDGES/Sec [Run: 1]



      250000    1000000     1   0.240859   4.151807
      250000    1000000     2   0.183755   5.442029
      250000    1000000     4   0.213909   4.674885
      250000    1000000     6   0.232768   4.296123
      250000    1000000     8   0.213267   4.688958


     1000000    4000000     1   1.301218   3.074043
     1000000    4000000     2   0.717693   5.573414
     1000000    4000000     4   0.754452   5.301861
     1000000    4000000     6   0.851205   4.699221
     1000000    4000000     8   0.903781   4.425851


     4000000   16000000     1   5.762868   2.776395
     4000000   16000000     2   3.328642   4.806765
     4000000   16000000     4   2.656027   6.024035
     4000000   16000000     6   2.308806   6.929989
     4000000   16000000     8   2.635279   6.071463


     9000000   36000000     1  15.302789   2.352512
     9000000   36000000     2   9.395220   3.831736
     9000000   36000000     4   5.499592   6.545940
     9000000   36000000     6   5.865451   6.137635
     9000000   36000000     8   4.730568   7.610080


#    VERTICS      EDGES PROCS  TIME(Sec) MEDGES/Sec [Run: 2]



      250000    1000000     1   0.203253   4.919977
      250000    1000000     2   0.184720   5.413599
      250000    1000000     4   0.215874   4.632332
      250000    1000000     6   0.237204   4.215781
      250000    1000000     8   0.210236   4.756559


     1000000    4000000     1   1.182036   3.383992
     1000000    4000000     2   0.711309   5.623435
     1000000    4000000     4   0.813397   4.917648
     1000000    4000000     6   0.848834   4.712347
     1000000    4000000     8   0.876692   4.562606


     4000000   16000000     1   5.741802   2.786582
     4000000   16000000     2   3.319698   4.819716
     4000000   16000000     4   2.389355   6.696368
     4000000   16000000     6   2.672780   5.986276
     4000000   16000000     8   2.527202   6.331112


     9000000   36000000     1  14.969528   2.404885
     9000000   36000000     2   8.722276   4.127363
     9000000   36000000     4   5.920303   6.080770
     9000000   36000000     6   6.605897   5.449676
     9000000   36000000     8   6.345655   5.673173


#    VERTICS      EDGES PROCS  TIME(Sec) MEDGES/Sec [Run: 3]



      250000    1000000     1   0.382893   2.611696
      250000    1000000     2   0.177398   5.637042
      250000    1000000     4   0.429713   2.327135
      250000    1000000     6   0.252183   3.965374
      250000    1000000     8   0.235668   4.243257


     1000000    4000000     1   1.348755   2.965698
     1000000    4000000     2   1.408429   2.840044
     1000000    4000000     4   1.031311   3.878558
     1000000    4000000     6   0.952755   4.198351
     1000000    4000000     8   1.064951   3.756041


     4000000   16000000     1   7.408895   2.159566
     4000000   16000000     2   3.727071   4.292915
     4000000   16000000     4   2.762377   5.792113
     4000000   16000000     6   2.965575   5.395244
     4000000   16000000     8   2.523594   6.340164


     9000000   36000000     1  17.854314   2.016319
     9000000   36000000     2  10.419043   3.455212
     9000000   36000000     4   7.343390   4.902368
     9000000   36000000     6   6.584212   5.467625
     9000000   36000000     8   6.508900   5.530888


############################################################
# End Time: 02/18/2008 - 04:38:42
############################################################
