############################################################
# Benchmark Host: v20n31.pbm.ihost.com
# Number Of Processors: 16
#
# Number Of Scheduled Runs: 1
# Start Time: 02/22/2008 - 02:59:36
############################################################

#    VERTICS      EDGES PROC Time(Secs) MEDGES/Sec [Run: 1]


      250000    1000000    1   0.053203  18.795933
      250000    1000000    2   0.031603  31.642566
      250000    1000000    4   0.030757  32.512924
      250000    1000000    6   0.022312  44.818932
      250000    1000000    8   0.012011  83.257014
      250000    1000000   10   0.012082  82.767754
      250000    1000000   12   0.010142  98.599882
      250000    1000000   14   0.010937  91.432751
      250000    1000000   16   0.009591 104.264415


     1000000    4000000    1   0.408234   9.798302
     1000000    4000000    2   0.214710  18.629780
     1000000    4000000    4   0.187796  21.299708
     1000000    4000000    6   0.167465  23.885588
     1000000    4000000    8   0.110131  36.320382
     1000000    4000000   10   0.045531  87.852233
     1000000    4000000   12   0.040374  99.073661
     1000000    4000000   14   0.045070  88.750832
     1000000    4000000   16   0.042381  94.381916


     4000000   16000000    1   2.730962   5.858741
     4000000   16000000    2   1.322300  12.100129
     4000000   16000000    4   1.217810  13.138338
     4000000   16000000    6   1.132983  14.122012
     4000000   16000000    8   0.956732  16.723597
     4000000   16000000   10   0.609395  26.255549
     4000000   16000000   12   0.267471  59.819569
     4000000   16000000   14   0.223245  71.670138
     4000000   16000000   16   0.190679  83.910656


     9000000   36000000    1   7.368861   4.885423
     9000000   36000000    2   3.522037  10.221358
     9000000   36000000    4   3.307470  10.884452
     9000000   36000000    6   3.166353  11.369547
     9000000   36000000    8   2.857215  12.599682
     9000000   36000000   10   2.225605  16.175377
     9000000   36000000   12   1.525301  23.601899
     9000000   36000000   14   0.660110  54.536365
     9000000   36000000   16   0.596565  60.345478
