############################################################
# Benchmark Host: moxie
# Number Of Processors: 32
#
# Number Of Scheduled Runs: 1
# Start Time: 02/25/2008 - 03:44:32
############################################################

#    VERTICS      EDGES NPROC  TIME(Sec) MEDGES/Sec   STEALS ATTEMPTS [Run: 1]

      250000    1000000     1   0.267300   3.741115        0        0
      250000    1000000     2   0.155400   6.435006       49      186
      250000    1000000     4   0.101200   9.881423       86     1274
      250000    1000000     8   0.070000  14.285714      270    11218
      250000    1000000    16   0.042800  23.364486     5943   300158
      250000    1000000    20   0.023200  43.103448     5181   465146
      250000    1000000    24   0.033400  29.940120     5310   523312
      250000    1000000    30   0.023600  42.372881     2139   793239
      250000    1000000    32   0.022600  44.247788     7231   937655

#    VERTICS      EDGES NPROC  TIME(Sec) MEDGES/Sec   STEALS ATTEMPTS [Run: 1]

     1000000    4000000     1   1.099400   3.638348        0        0
     1000000    4000000     2   0.652900   6.126512      213      858
     1000000    4000000     4   0.396900  10.078105      391     4540
     1000000    4000000     8   0.308000  12.987013     1207    22025
     1000000    4000000    16   0.145400  27.510316    33646   270698
     1000000    4000000    20   0.104700  38.204394    20826   247437
     1000000    4000000    24   0.080900  49.443758    20204   633635
     1000000    4000000    30   0.073800  54.200542    22386   591034
     1000000    4000000    32   0.074200  53.908356    25817   634431

#    VERTICS      EDGES NPROC  TIME(Sec) MEDGES/Sec   STEALS ATTEMPTS [Run: 1]

     4000000   16000000     1   5.462100   2.929276        0        0
     4000000   16000000     2   3.179600   5.032080      893     3296
     4000000   16000000     4   2.101100   7.615059     2069    19755
     4000000   16000000     8   1.240400  12.899065     2674    59725
     4000000   16000000    16   0.865700  18.482153    76309   847804
     4000000   16000000    20   0.618900  25.852319    70402   802398
     4000000   16000000    24   0.438400  36.496350    79188   991793
     4000000   16000000    30   0.374600  42.712226    93770  1431349
     4000000   16000000    32   0.450700  35.500333   107130  2580736

#    VERTICS      EDGES NPROC  TIME(Sec) MEDGES/Sec   STEALS ATTEMPTS [Run: 1]

     9000000   36000000     1  15.096800   2.384611        0        0
     9000000   36000000     2   8.035800   4.479952      390     2426
     9000000   36000000     4   4.503600   7.993605     1289    15404
     9000000   36000000     8   2.672800  13.469021     1825    52048
     9000000   36000000    16   1.626700  22.130694    17415   337628
     9000000   36000000    20   1.400100  25.712449     6387   340374
     9000000   36000000    24   1.184600  30.390005    22515   628673
     9000000   36000000    30   1.086200  33.143068    72527  1300440
     9000000   36000000    32   1.060500  33.946252   107289  1745181


############################################################
# End Time: 02/25/2008 - 05:01:25
############################################################
