############################################################
# Benchmark Host: moxie
# Number Of Processors: 32
#
# Number Of Scheduled Runs: 3
# Start Time: 02/17/2008 - 03:29:55
############################################################

#   VERTICES      EDGES PROC Time(Secs) MEDGES/Sec [Run: 1]


      250000    1000000    1   1.190255   0.840156
      250000    1000000    2   0.608571   1.643194
      250000    1000000    4   0.317745   3.147178
      250000    1000000    8   0.210780   4.744283
      250000    1000000   16   0.118677   8.426233
      250000    1000000   20   0.103593   9.653162
      250000    1000000   24   0.091517  10.926932
      250000    1000000   30   0.094173  10.618755
      250000    1000000   32   0.083476  11.979491


     1000000    4000000    1   7.127414   0.561213
     1000000    4000000    2   3.793518   1.054430
     1000000    4000000    4   2.396955   1.668784
     1000000    4000000    8   1.330388   3.006642
     1000000    4000000   16   0.759817   5.264426
     1000000    4000000   20   0.625680   6.393044
     1000000    4000000   24   0.548569   7.291699
     1000000    4000000   30   0.462923   8.640746
     1000000    4000000   32   0.452939   8.831211


     4000000   16000000    1  56.139371   0.285005
     4000000   16000000    2  29.338908   0.545351
     4000000   16000000    4  18.624564   0.859081
     4000000   16000000    8  10.022897   1.596345
     4000000   16000000   16   5.511865   2.902829
     4000000   16000000   20   4.616095   3.466133
     4000000   16000000   24   4.011692   3.988342
     4000000   16000000   30   3.362153   4.758855
     4000000   16000000   32   4.058383   3.942457


     9000000   36000000    1 172.543900   0.208643
     9000000   36000000    2 121.440458   0.296442
     9000000   36000000    4  46.244749   0.778467
     9000000   36000000    8  33.829245   1.064168
     9000000   36000000   16  18.601220   1.935357
     9000000   36000000   20  11.391080   3.160368
     9000000   36000000   24  11.837508   3.041181
     9000000   36000000   30   8.352636   4.310017
     9000000   36000000   32   9.780548   3.680775
