############################################################
# Benchmark Host: r28n01.pbm.ihost.com
# Number Of Processors: 64
# Usable Physical Memory: 513792 MBytes
# SMT Enabled: false
# SMT Threads: 2
#
# Number Of Scheduled Runs: 1
# Start Time: 01/14/2008 - 01:08:42
############################################################
# =================================================================
#   VERTICES      EDGES PROC  TIME(Sec)       EDGES/Sec [Run: 1]
# =================================================================
      100000     400000    1   0.087038      4595697.74
      100000     400000    2   0.078988      5064080.30
      100000     400000    4   0.048781      8199921.63
      100000     400000    8   0.030676     13039514.82
      100000     400000   16   0.017069     23433926.78
      100000     400000   32   0.015375     26016510.60
      100000     400000   64   0.022045     18144406.89
     1000000    4000000    1   1.696024      2358456.62
     1000000    4000000    2   0.991563      4034034.39
     1000000    4000000    4   0.552098      7245089.05
     1000000    4000000    8   0.333842     11981698.57
     1000000    4000000   16   0.173068     23112364.64
     1000000    4000000   32   0.107626     37165602.15
     1000000    4000000   64   0.095472     41897109.06
    10000000   40000000    1  23.758860      1683582.43
    10000000   40000000    2  12.656195      3160507.50
    10000000   40000000    4   6.479682      6173142.01
    10000000   40000000    8   3.319680     12049352.90
    10000000   40000000   16   1.779477     22478513.02
    10000000   40000000   32   1.053577     37965891.09
    10000000   40000000   64   0.783737     51037537.70
