############################################################
# Benchmark Host: altair
# Number Of Processors: 8
#
# Number Of Scheduled Runs: 3
# Start Time: 02/17/2008 - 03:33:03
############################################################

#   VERTICES      EDGES PROC Time(Secs) MEDGES/Sec [Run: 1]


      250000    1000000    1   0.109855   9.102908
      250000    1000000    2   0.072925  13.712719
      250000    1000000    4   0.047628  20.996053
      250000    1000000    6   0.041049  24.361129
      250000    1000000    8   0.038569  25.927558


     1000000    4000000    1   0.604229   6.620007
     1000000    4000000    2   0.410305   9.748845
     1000000    4000000    4   0.238520  16.770082
     1000000    4000000    6   0.182595  21.906405
     1000000    4000000    8   0.212694  18.806360


     4000000   16000000    1   3.440890   4.649960
     4000000   16000000    2   1.984260   8.063459
     4000000   16000000    4   1.167179  13.708266
     4000000   16000000    6   0.969369  16.505582
     4000000   16000000    8   0.933168  17.145894


     9000000   36000000    1  10.693855   3.366419
     9000000   36000000    2   5.828431   6.176619
     9000000   36000000    4   3.583582  10.045814
     9000000   36000000    6   2.804365  12.837131
     9000000   36000000    8   3.569226  10.086220

#   VERTICES      EDGES PROC Time(Secs) MEDGES/Sec [Run: 2]


      250000    1000000    1   0.110584   9.042900
      250000    1000000    2   0.074790  13.370771
      250000    1000000    4   0.049432  20.229811
      250000    1000000    6   0.040016  24.990004
      250000    1000000    8   0.042133  23.734365


     1000000    4000000    1   0.602958   6.633961
     1000000    4000000    2   0.402861   9.928983
     1000000    4000000    4   0.328211  12.187282
     1000000    4000000    6   0.217153  18.420192
     1000000    4000000    8   0.216028  18.516118


     4000000   16000000    1   3.446182   4.642819
     4000000   16000000    2   2.279035   7.020515
     4000000   16000000    4   1.172227  13.649233
     4000000   16000000    6   0.897847  17.820408
     4000000   16000000    8   1.094457  14.619122


     9000000   36000000    1   9.668482   3.723439
     9000000   36000000    2   5.356677   6.720584
     9000000   36000000    4   3.128273  11.507947
     9000000   36000000    6   2.546127  14.139122
     9000000   36000000    8   2.574242  13.984699

#   VERTICES      EDGES PROC Time(Secs) MEDGES/Sec [Run: 3]


      250000    1000000    1   0.129814   7.703329
      250000    1000000    2   0.074814  13.366482
      250000    1000000    4   0.049369  20.255626
      250000    1000000    6   0.042426  23.570452
      250000    1000000    8   0.041184  24.281274


     1000000    4000000    1   0.599481   6.672438
     1000000    4000000    2   0.410203   9.751269
     1000000    4000000    4   0.251450  15.907735
     1000000    4000000    6   0.226894  17.629378
     1000000    4000000    8   0.229827  17.404395


     4000000   16000000    1   3.479891   4.597845
     4000000   16000000    2   2.248641   7.115409
     4000000   16000000    4   1.157124  13.827386
     4000000   16000000    6   0.876314  18.258296
     4000000   16000000    8   0.999482  16.008292


     9000000   36000000    1   8.804785   4.088686
     9000000   36000000    2   5.569955   6.463248
     9000000   36000000    4   3.222345  11.171988
     9000000   36000000    6   2.752916  13.077043
     9000000   36000000    8   2.640634  13.633090


############################################################
# End Time: 02/17/2008 - 04:20:39
############################################################
