############################################################
# Benchmark Host: moxie
# Number Of Processors: 32
#
# Number Of Scheduled Runs: 3
# Start Time: 01/17/2008 - 04:21:38
############################################################
#
# Run: 1
#

# ===========================================================================
# [Run: 1] (Timings[COLS 4/8]: Seconds)
#   VERTICES      EDGES PROC      BFS[Torus]       EDGES/Sec
# ===========================================================================

       90000     360000    1        0.038209      9421863.96
       90000     360000    2        0.049271      7306529.20
       90000     360000    4        0.088624      4062105.07
       90000     360000    8        0.167941      2143609.96
       90000     360000   16        0.325981      1104358.84
       90000     360000   32        0.688608       522793.81
      810000    3240000    1        0.596979      5427326.59
      810000    3240000    2        0.402598      8047729.99
      810000    3240000    4        0.406302      7974363.90
      810000    3240000    8        0.598865      5410234.36
      810000    3240000   16        1.051829      3080348.61
      810000    3240000   32        2.004352      1616482.53
     7290000   29160000    1        6.937763      4203083.90
     7290000   29160000    2        3.911763      7454439.34
     7290000   29160000    4        2.909764     10021431.29
     7290000   29160000    8        2.622159     11120607.10
     7290000   29160000   16        3.959061      7365382.85
     7290000   29160000   32        6.511490      4478237.70

# ===========================================================================
# [Run: 2] (Timings[COLS 4/8]: Seconds)
#   VERTICES      EDGES PROC      BFS[Torus]       EDGES/Sec
# ===========================================================================

       90000     360000    1        0.046634      7719689.50
       90000     360000    2        0.048864      7367387.03
       90000     360000    4        0.088331      4075579.35
       90000     360000    8        0.167149      2153767.00
       90000     360000   16        0.326591      1102296.14
       90000     360000   32        0.685916       524845.61
      810000    3240000    1        0.597858      5419347.07
      810000    3240000    2        0.399070      8118876.39
      810000    3240000    4        0.402043      8058839.48
      810000    3240000    8        0.603552      5368220.14
      810000    3240000   16        1.050104      3085408.68
      810000    3240000   32        2.009998      1611941.90
     7290000   29160000    1        6.963797      4187370.77
     7290000   29160000    2        3.882441      7510738.73
     7290000   29160000    4        2.939652      9919541.50
     7290000   29160000    8        2.620083     11129418.42
     7290000   29160000   16        3.972312      7340813.11
     7290000   29160000   32        6.397819      4557803.21

# ===========================================================================
# [Run: 3] (Timings[COLS 4/8]: Seconds)
#   VERTICES      EDGES PROC      BFS[Torus]       EDGES/Sec
# ===========================================================================

       90000     360000    1        0.038708      9300403.02
       90000     360000    2        0.047094      7644285.90
       90000     360000    4        0.087896      4095749.52
       90000     360000    8        0.164768      2184890.27
       90000     360000   16        0.328439      1096093.95
       90000     360000   32        0.698184       515623.39
      810000    3240000    1        0.597005      5427090.23
      810000    3240000    2        0.400168      8096599.43
      810000    3240000    4        0.400960      8080606.54
      810000    3240000    8        0.598242      5415868.49
      810000    3240000   16        1.050524      3084175.14
      810000    3240000   32        2.029537      1596423.22
     7290000   29160000    1        6.950105      4195620.07
     7290000   29160000    2        3.913181      7451738.11
     7290000   29160000    4        2.997343      9728616.31
     7290000   29160000    8        2.657036     10974634.89
     7290000   29160000   16        3.929866      7420100.33
     7290000   29160000   32        6.554009      4449185.22
