############################################################
# Benchmark Host: moxie
# Number Of Processors: 32
#
# Number Of Scheduled Runs: 1
# Start Time: 02/04/2008 - 05:19:26
############################################################

#    VERTICS      EDGES NPROC BATCH  TIME(Sec)       EDGES/Sec     STEALS   ATTEMPTS [Run: 1]

       90000     360000     1     1   0.056900      6326889.28          0          0
       90000     360000     2     1   0.028100     12811387.90         13        230
       90000     360000     4     1   0.014800     24324324.32         29        424
       90000     360000     8     1   0.008500     42352941.18        154       1728
       90000     360000    16     1   0.007200     50000000.00       6716      26872
       90000     360000    20     1   0.007500     48000000.00       4030      25964
       90000     360000    24     1   0.006000     60000000.00       5497      29652
       90000     360000    30     1   0.009000     40000000.00       4716      54611

#<<<< BEGIN BATCHING >>>>

       90000     360000    30     1   0.010600     33962264.15       3639      56366
       90000     360000    30    10   0.003300    109090909.09        633      17658
       90000     360000    30    20   0.002800    128571428.57        227      16905
       90000     360000    30    30   0.002700    133333333.33         87      25662
       90000     360000    30    40   0.003200    112500000.00         62      22082
       90000     360000    30    50   0.004000     90000000.00         48      23872
       90000     360000    30    60   0.004600     78260869.57         51      23924
       90000     360000    30    70   0.005100     70588235.29         42      21356
       90000     360000    30    80   0.005800     62068965.52         41      21348
       90000     360000    30    90   0.006800     52941176.47         37      26451
       90000     360000    30   100   0.007700     46753246.75         35      22487

#<<<< END BATCHING >>>>

       90000     360000    32     1   0.007600     47368421.05       3765      46317

#    VERTICS      EDGES NPROC BATCH  TIME(Sec)       EDGES/Sec     STEALS   ATTEMPTS [Run: 1]

      810000    3240000     1     1   0.513500      6309639.73          0          0
      810000    3240000     2     1   0.254800     12715855.57          1        234
      810000    3240000     4     1   0.131800     24582701.06         22       1010
      810000    3240000     8     1   0.070000     46285714.29       5906      16122
      810000    3240000    16     1   0.063200     51265822.78      43022     140960
      810000    3240000    20     1   0.046600     69527897.00      48058     151250
      810000    3240000    24     1   0.047000     68936170.21      38990     162270
      810000    3240000    30     1   0.049100     65987780.04      35383     199008

#<<<< BEGIN BATCHING >>>>

      810000    3240000    30     1   0.044700     72483221.48      41440     192407
      810000    3240000    30    10   0.019600    165306122.45       3936      34367
      810000    3240000    30    20   0.016700    194011976.05       1622      29043
      810000    3240000    30    30   0.015300    211764705.88        803      28651
      810000    3240000    30    40   0.015000    216000000.00        503      28635
      810000    3240000    30    50   0.015100    214569536.42        248      32362
      810000    3240000    30    60   0.017000    190588235.29        236      26041
      810000    3240000    30    70   0.017100    189473684.21        142      32868
      810000    3240000    30    80   0.018300    177049180.33        103      45887
      810000    3240000    30    90   0.021600    150000000.00         77      27717
      810000    3240000    30   100   0.023500    137872340.43        106      33696

#<<<< END BATCHING >>>>

      810000    3240000    32     1   0.052400     61832061.07      38834     226647

#    VERTICS      EDGES NPROC BATCH  TIME(Sec)       EDGES/Sec     STEALS   ATTEMPTS [Run: 1]

     4410000   17640000     1     1   2.814500      6267543.08          0          0
     4410000   17640000     2     1   1.420800     12415540.54          5        886
     4410000   17640000     4     1   0.711800     24782242.20       1817       8406
     4410000   17640000     8     1   0.731900     24101653.23     321474    1093158
     4410000   17640000    16     1   0.633900     27827733.08     275024    1672670
     4410000   17640000    20     1   0.497500     35457286.43     330137    1744063
     4410000   17640000    24     1   0.469100     37603922.40     145415    1656053
     4410000   17640000    30     1   0.565100     31215714.03     263477    2499136

#<<<< BEGIN BATCHING >>>>

     4410000   17640000    30     1   0.457800     38532110.09     212334    1969956
     4410000   17640000    30    10   0.100900    174826560.95      17718     108916
     4410000   17640000    30    20   0.082400    214077669.90       7981      87712
     4410000   17640000    30    30   0.081200    217241379.31       3100      71767
     4410000   17640000    30    40   0.077000    229090909.09       2405      77885
     4410000   17640000    30    50   0.080700    218587360.59       1729      65425
     4410000   17640000    30    60   0.078100    225864276.57       1235      73973
     4410000   17640000    30    70   0.079100    223008849.56        821      59473
     4410000   17640000    30    80   0.078300    225287356.32        945      67053
     4410000   17640000    30    90   0.082100    214859926.92        741      70536
     4410000   17640000    30   100   0.083400    211510791.37        496      66843

#<<<< END BATCHING >>>>

     4410000   17640000    32     1   0.338600     52096869.46     186015    1432025

#    VERTICS      EDGES NPROC BATCH  TIME(Sec)       EDGES/Sec     STEALS   ATTEMPTS [Run: 1]

     7290000   29160000     1     1   5.040300      5785369.92          0          0
     7290000   29160000     2     1   2.512000     11608280.25        415       2186
     7290000   29160000     4     1   1.283000     22727981.29       8936      31890
     7290000   29160000     8     1   1.209300     24113123.29     870640    2626798
     7290000   29160000    16     1   1.215000     24000000.00     499496    3232973
     7290000   29160000    20     1   1.372300     21248998.03     591306    4858641
     7290000   29160000    24     1   1.060300     27501650.48     525198    4549352
     7290000   29160000    30     1   1.293300     22546972.86     491555    4554364

#<<<< BEGIN BATCHING >>>>

     7290000   29160000    30     1   0.788100     37000380.66     238500    3404787
     7290000   29160000    30    10   0.162400    179556650.25      29988     185499
     7290000   29160000    30    20   0.137400    212227074.24      11429     141844
     7290000   29160000    30    30   0.128300    227279812.94       6306     110841
     7290000   29160000    30    40   0.128000    227812500.00       3703     128087
     7290000   29160000    30    50   0.126800    229968454.26       2838     104522
     7290000   29160000    30    60   0.128000    227812500.00       2238     112863
     7290000   29160000    30    70   0.123700    235731608.73       1488      92676
     7290000   29160000    30    80   0.128700    226573426.57       1095      84072
     7290000   29160000    30    90   0.127600    228526645.77       1119      93986
     7290000   29160000    30   100   0.131700    221412300.68        896      96646

#<<<< END BATCHING >>>>

     7290000   29160000    32     1   0.990700     29433733.72     426439    4494016


############################################################
# End Time: 02/04/2008 - 06:06:58
############################################################
