

     5000000   20000000    1  13.105200      1526111.77
     5000000   20000000    2   6.981000      2864919.07
     5000000   20000000    3   4.548200      4397344.00
     5000000   20000000    4   3.426800      5836348.78
     5000000   20000000    5   2.722100      7347268.65
     5000000   20000000    6   2.286000      8748906.39
     5000000   20000000    7   1.982900     10086237.33
     5000000   20000000    8   1.667000     11997600.48
     5000000   20000000    9   1.466300     13639773.58
     5000000   20000000   10   1.318800     15165301.79
     5000000   20000000   11   1.231100     16245633.99
     5000000   20000000   12   1.130900     17685029.62
     5000000   20000000   13   1.024800     19516003.12
     5000000   20000000   14   0.911800     21934634.79
     5000000   20000000   15   0.862300     23193784.07
     5000000   20000000   16   0.793300     25211143.33
     5000000   20000000   17   0.757500     26402640.26
     5000000   20000000   18   0.708200     28240610.00
     5000000   20000000   19   0.688200     29061319.38
     5000000   20000000   20   0.626500     31923383.88
     5000000   20000000   21   0.599900     33338889.81
     5000000   20000000   22   0.579700     34500603.76
     5000000   20000000   23   0.534100     37446171.13
     5000000   20000000   24   0.531200     37650602.41
     5000000   20000000   25   0.498000     40160642.57
     5000000   20000000   26   0.474100     42185193.00
     5000000   20000000   27   0.471700     42399830.40
     5000000   20000000   28   0.436600     45808520.38
     5000000   20000000   29   0.433400     46146746.65
     5000000   20000000   30   0.414600     48239266.76
     5000000   20000000   31   0.390600     51203277.01
     5000000   20000000   32   0.378400     52854122.62
     5000000   20000000   33   0.374800     53361792.96
     5000000   20000000   34   0.359700     55601890.46
     5000000   20000000   35   0.346800     57670126.87
     5000000   20000000   36   0.335700     59577003.28
     5000000   20000000   37   0.327600     61050061.05
     5000000   20000000   38   0.330900     60441220.91
     5000000   20000000   39   0.312900     63918184.72
     5000000   20000000   40   0.314600     63572790.85
     5000000   20000000   41   0.295200     67750677.51
     5000000   20000000   42   0.292400     68399452.80
     5000000   20000000   43   0.284200     70372976.78
     5000000   20000000   44   0.279300     71607590.40
     5000000   20000000   45   0.269200     74294205.05
     5000000   20000000   46   0.264600     75585789.87
     5000000   20000000   47   0.267500     74766355.14
     5000000   20000000   48   0.254000     78740157.48
     5000000   20000000   49   0.257400     77700077.70
     5000000   20000000   50   0.246900     81004455.25
     5000000   20000000   51   0.250500     79840319.36
     5000000   20000000   52   0.239500     83507306.89
     5000000   20000000   53   0.230600     86730268.86
     5000000   20000000   54   0.226100     88456435.21
     5000000   20000000   55   0.222300     89968511.02
     5000000   20000000   56   0.227800     87796312.55
     5000000   20000000   57   0.215900     92635479.39
     5000000   20000000   58   0.209700     95374344.30
     5000000   20000000   59   0.210400     95057034.22
     5000000   20000000   60   0.208200     96061479.35
     5000000   20000000   61   0.202500     98765432.10
     5000000   20000000   62   0.202400     98814229.25
     5000000   20000000   63   0.194500    102827763.50
     5000000   20000000   64   0.194600    102774922.92
