############################################################
# Benchmark Host: moxie
# Number Of Processors: 32
#
# Number Of Scheduled Runs: 2
# Start Time: 01/21/2008 - 01:36:41
############################################################
#
# Run: 1
#


#    VERTICS      EDGES PARTS PROCS  TIME(Sec)       EDGES/Sec [Run: 1]

      100000     300000    64    24   0.042278      7095889.11
      100000     300000    64    30   0.059386      5051695.69
     1000000    3000000    64    24   0.505645      5933016.25
     1000000    3000000    64    30   0.457219      6561407.12
    10000000   30000000    64    24   1.635676     18341040.65
    10000000   30000000    64    30   1.536557     19524169.95
      100000     400000    64    24   0.043449      9206195.77
      100000     400000    64    30   0.043473      9201113.33
     1000000    4000000    64    24   0.435654      9181598.24
     1000000    4000000    64    30   0.374696     10675320.79
    10000000   40000000    64    24   1.687092     23709436.12
    10000000   40000000    64    30   1.494577     26763425.37
      100000     300000   128    24   0.039457      7603213.62
      100000     300000   128    30   0.037175      8069939.48
     1000000    3000000   128    24   0.437018      6864705.80
     1000000    3000000   128    30   0.464191      6462856.88
    10000000   30000000   128    24   1.414541     21208293.01
    10000000   30000000   128    30   1.554088     19303926.16
      100000     400000   128    24   0.042824      9340556.70
      100000     400000   128    30   0.038549     10376404.06
     1000000    4000000   128    24   0.352707     11340857.99
     1000000    4000000   128    30   0.458380      8726384.22
    10000000   40000000   128    24   1.531839     26112404.76
    10000000   40000000   128    30   1.437410     27827829.22


#    VERTICS      EDGES PARTS PROCS  TIME(Sec)       EDGES/Sec [Run: 2]

      100000     300000    64    24   0.035148      8535336.29
      100000     300000    64    30   0.034095      8798944.13
     1000000    3000000    64    24   0.412473      7273203.34
     1000000    3000000    64    30   0.396952      7557588.83
    10000000   30000000    64    24   1.674465     17916170.24
    10000000   30000000    64    30   1.455758     20607820.81
      100000     400000    64    24   0.039017     10251941.46
      100000     400000    64    30   0.036382     10994447.80
     1000000    4000000    64    24   0.380141     10522411.42
     1000000    4000000    64    30   0.414082      9659922.43
    10000000   40000000    64    24   1.572014     25445066.01
    10000000   40000000    64    30   1.458032     27434240.13
      100000     300000   128    24   0.040931      7329408.03
      100000     300000   128    30   0.037085      8089524.07
     1000000    3000000   128    24   0.485974      6173169.76
     1000000    3000000   128    30   0.428663      6998504.65
    10000000   30000000   128    24   1.490404     20128770.45
    10000000   30000000   128    30   1.540218     19477762.24
      100000     400000   128    24   0.040151      9962391.97
      100000     400000   128    30   0.041280      9689922.48
     1000000    4000000   128    24   0.445358      8981538.45
     1000000    4000000   128    30   0.406641      9836686.41
    10000000   40000000   128    24   1.525942     26213316.10
    10000000   40000000   128    30   1.397353     28625551.31
