############################################################
# Benchmark Host: moxie
# Number Of Processors: 32
#
# Number Of Scheduled Runs: 3
# Start Time: 01/11/2008 - 06:12:15
############################################################


#    VERTICS      EDGES PARTS PROCS  TIME(Sec)       EDGES/Sec [Run: 1]

      100000     300000    64     1   0.033724      8895741.90
      100000     300000    64     2   0.030054      9982032.34
      100000     300000    64     4   0.030811      9736782.32
      100000     300000    64     8   0.035019      8566778.03
      100000     300000    64    16   0.034048      8811090.23
      100000     300000    64    32   0.033150      9049773.76
     1000000    3000000    64     1   1.014366      2957512.38
     1000000    3000000    64     2   0.534904      5608483.02
     1000000    3000000    64     4   0.373990      8021604.86
     1000000    3000000    64     8   0.443023      6771657.45
     1000000    3000000    64    16   0.440497      6810489.06
     1000000    3000000    64    32   0.471563      6361822.28
    10000000   30000000    64     1  13.366008      2244499.63
    10000000   30000000    64     2   6.756595      4440106.30
    10000000   30000000    64     4   3.621238      8284459.62
    10000000   30000000    64     8   2.307116     13003247.34
    10000000   30000000    64    16   1.650006     18181752.07
    10000000   30000000    64    32   1.493363     20088886.63
      100000     400000    64     1   0.039049     10243540.17
      100000     400000    64     2   0.033137     12071098.77
      100000     400000    64     4   0.038232     10462439.84
      100000     400000    64     8   0.038608     10360547.04
      100000     400000    64    16   0.038212     10467915.84
      100000     400000    64    32   0.039576     10107135.64
     1000000    4000000    64     1   1.128293      3545178.42
     1000000    4000000    64     2   0.587805      6804977.84
     1000000    4000000    64     4   0.432169      9255638.42
     1000000    4000000    64     8   0.399199     10020065.18
     1000000    4000000    64    16   0.367493     10884561.07
     1000000    4000000    64    32   0.374854     10670821.17
    10000000   40000000    64     1  15.774490      2535739.67
    10000000   40000000    64     2   7.946541      5033636.65
    10000000   40000000    64     4   4.208471      9504639.57
    10000000   40000000    64     8   2.442842     16374370.51
    10000000   40000000    64    16   1.747519     22889593.76
    10000000   40000000    64    32   1.537162     26021980.77
      100000     300000   128     1   0.037348      8032558.64
      100000     300000   128     2   0.035282      8502919.34
      100000     300000   128     4   0.034441      8710548.47
      100000     300000   128     8   0.036386      8244929.37
      100000     300000   128    16   0.036539      8210405.32
      100000     300000   128    32   0.032767      9155552.84
     1000000    3000000   128     1   1.017486      2948443.52
     1000000    3000000   128     2   0.539701      5558633.39
     1000000    3000000   128     4   0.403047      7443300.66
     1000000    3000000   128     8   0.386036      7771295.94
     1000000    3000000   128    16   0.401604      7470045.12
     1000000    3000000   128    32   0.398872      7521209.81
    10000000   30000000   128     1  13.376147      2242798.32
    10000000   30000000   128     2   6.752286      4442939.77
    10000000   30000000   128     4   3.664535      8186577.56
    10000000   30000000   128     8   2.277073     13174808.19
    10000000   30000000   128    16   1.596973     18785539.89
    10000000   30000000   128    32   1.347855     22257587.05
      100000     400000   128     1   0.041122      9727153.35
      100000     400000   128     2   0.035187     11367834.71
      100000     400000   128     4   0.040016      9996001.60
      100000     400000   128     8   0.039848     10038144.95
      100000     400000   128    16   0.040383      9905158.11
      100000     400000   128    32   0.041111      9729756.03
     1000000    4000000   128     1   1.134376      3526167.69
     1000000    4000000   128     2   0.593739      6736966.92
     1000000    4000000   128     4   0.415732      9621583.14
     1000000    4000000   128     8   0.369301     10831273.13
     1000000    4000000   128    16   0.353198     11325092.44
     1000000    4000000   128    32   0.466898      8567181.70
    10000000   40000000   128     1  15.782093      2534518.08
    10000000   40000000   128     2   7.973609      5016548.97
    10000000   40000000   128     4   4.213172      9494034.42
    10000000   40000000   128     8   2.434210     16432435.99
    10000000   40000000   128    16   1.632392     24503918.18
    10000000   40000000   128    32   1.463084     27339510.24


#    VERTICS      EDGES PARTS PROCS  TIME(Sec)       EDGES/Sec [Run: 2]

      100000     300000    64     1   0.033664      8911596.96
      100000     300000    64     2   0.029038     10331290.03
      100000     300000    64     4   0.034132      8789405.84
      100000     300000    64     8   0.033122      9057424.07
      100000     300000    64    16   0.034087      8801009.18
      100000     300000    64    32   0.032868      9127418.77
     1000000    3000000    64     1   1.012723      2962310.52
     1000000    3000000    64     2   0.532103      5638006.18
     1000000    3000000    64     4   0.383718      7818241.52
     1000000    3000000    64     8   0.437076      6863794.85
     1000000    3000000    64    16   0.454922      6594537.09
     1000000    3000000    64    32   0.524856      5715853.49
    10000000   30000000    64     1  13.362732      2245049.89
    10000000   30000000    64     2   6.753153      4442369.36
    10000000   30000000    64     4   3.747810      8004674.73
    10000000   30000000    64     8   2.267458     13230675.06
    10000000   30000000    64    16   1.755990     17084379.75
    10000000   30000000    64    32   1.513215     19825338.77
      100000     400000    64     1   0.038375     10423452.77
      100000     400000    64     2   0.033345     11995801.47
      100000     400000    64     4   0.038297     10444682.35
      100000     400000    64     8   0.037536     10656436.49
      100000     400000    64    16   0.038214     10467367.98
      100000     400000    64    32   0.039184     10208248.26
     1000000    4000000    64     1   1.129133      3542541.05
     1000000    4000000    64     2   0.589287      6787863.98
     1000000    4000000    64     4   0.424953      9412805.65
     1000000    4000000    64     8   0.328984     12158646.01
     1000000    4000000    64    16   0.401476      9963235.66
     1000000    4000000    64    32   0.334789     11947823.85
    10000000   40000000    64     1  15.777769      2535212.68
    10000000   40000000    64     2   7.951917      5030233.59
    10000000   40000000    64     4   4.225456      9466433.92
    10000000   40000000    64     8   2.562446     15610085.05
    10000000   40000000    64    16   1.769535     22604808.61
    10000000   40000000    64    32   1.434295     27888265.66
      100000     300000   128     1   0.036305      8263324.61
      100000     300000   128     2   0.032360      9270704.57
      100000     300000   128     4   0.034571      8677793.53
      100000     300000   128     8   0.034855      8607086.50
      100000     300000   128    16   0.036787      8155054.77
      100000     300000   128    32   0.034965      8580008.58
     1000000    3000000   128     1   1.017343      2948857.96
     1000000    3000000   128     2   0.533504      5623200.58
     1000000    3000000   128     4   0.395716      7581194.59
     1000000    3000000   128     8   0.420033      7142295.96
     1000000    3000000   128    16   0.457811      6552922.49
     1000000    3000000   128    32   0.471934      6356821.08
    10000000   30000000   128     1  13.376918      2242669.05
    10000000   30000000   128     2   6.754806      4441282.25
    10000000   30000000   128     4   3.617875      8292160.45
    10000000   30000000   128     8   2.395062     12525771.78
    10000000   30000000   128    16   1.551940     19330644.23
    10000000   30000000   128    32   1.377235     21782774.91
      100000     400000   128     1   0.039967     10008256.81
      100000     400000   128     2   0.030565     13086864.06
      100000     400000   128     4   0.035275     11339475.55
      100000     400000   128     8   0.040057      9985770.28
      100000     400000   128    16   0.040461      9886063.12
      100000     400000   128    32   0.040862      9789046.06
     1000000    4000000   128     1   1.133022      3530381.58
     1000000    4000000   128     2   0.593917      6734947.81
     1000000    4000000   128     4   0.417593      9578704.62
     1000000    4000000   128     8   0.410090      9753956.45
     1000000    4000000   128    16   0.371055     10780073.03
     1000000    4000000   128    32   0.383715     10424403.53
    10000000   40000000   128     1  15.792056      2532919.08
    10000000   40000000   128     2   7.947216      5033209.11
    10000000   40000000   128     4   4.170360      9591498.10
    10000000   40000000   128     8   2.386712     16759458.20
    10000000   40000000   128    16   1.782438     22441173.27
    10000000   40000000   128    32   1.359747     29417237.18


#    VERTICS      EDGES PARTS PROCS  TIME(Sec)       EDGES/Sec [Run: 3]

      100000     300000    64     1   0.033645      8916629.51
      100000     300000    64     2   0.031195      9616925.79
      100000     300000    64     4   0.030965      9688357.82
      100000     300000    64     8   0.034098      8798169.98
      100000     300000    64    16   0.032153      9330389.08
      100000     300000    64    32   0.033952      8836003.77
     1000000    3000000    64     1   1.012702      2962371.95
     1000000    3000000    64     2   0.539548      5560209.66
     1000000    3000000    64     4   0.403212      7440254.75
     1000000    3000000    64     8   0.462171      6491103.94
     1000000    3000000    64    16   0.467332      6419419.17
     1000000    3000000    64    32   0.454441      6601517.03
    10000000   30000000    64     1  13.376006      2242821.96
    10000000   30000000    64     2   6.753977      4441827.39
    10000000   30000000    64     4   3.702927      8101699.01
    10000000   30000000    64     8   2.441851     12285761.91
    10000000   30000000    64    16   1.676179     17897849.81
    10000000   30000000    64    32   1.646274     18222968.96
      100000     400000    64     1   0.037728     10602205.26
      100000     400000    64     2   0.029646     13492545.37
      100000     400000    64     4   0.035690     11207621.18
      100000     400000    64     8   0.038042     10514694.29
      100000     400000    64    16   0.039291     10180448.45
      100000     400000    64    32   0.034717     11521732.87
     1000000    4000000    64     1   1.127973      3546184.17
     1000000    4000000    64     2   0.599640      6670669.07
     1000000    4000000    64     4   0.411777      9713995.68
     1000000    4000000    64     8   0.399338     10016577.44
     1000000    4000000    64    16   0.499162      8013430.51
     1000000    4000000    64    32   0.418662      9554246.62
    10000000   40000000    64     1  15.774742      2535699.16
    10000000   40000000    64     2   7.942886      5035952.93
    10000000   40000000    64     4   4.281156      9343270.84
    10000000   40000000    64     8   2.535539     15775738.41
    10000000   40000000    64    16   1.715517     23316586.20
    10000000   40000000    64    32   1.448225     27620017.61
      100000     300000   128     1   0.036428      8235423.30
      100000     300000   128     2   0.035337      8489685.03
      100000     300000   128     4   0.035301      8498342.82
      100000     300000   128     8   0.034576      8676538.64
      100000     300000   128    16   0.037343      8033634.15
      100000     300000   128    32   0.037295      8043973.72
     1000000    3000000   128     1   1.019232      2943392.67
     1000000    3000000   128     2   0.534722      5610391.94
     1000000    3000000   128     4   0.386067      7770671.93
     1000000    3000000   128     8   0.437247      6861110.54
     1000000    3000000   128    16   0.427967      7009886.28
     1000000    3000000   128    32   0.421658      7114770.74
    10000000   30000000   128     1  13.379753      2242193.86
    10000000   30000000   128     2   6.753073      4442421.99
    10000000   30000000   128     4   3.666294      8182649.84
    10000000   30000000   128     8   2.312343     12973853.79
    10000000   30000000   128    16   1.736113     17279981.20
    10000000   30000000   128    32   1.413921     21217592.78
      100000     400000   128     1   0.040047      9988263.79
      100000     400000   128     2   0.030978     12912389.44
      100000     400000   128     4   0.036362     11000495.02
      100000     400000   128     8   0.040454      9887773.77
      100000     400000   128    16   0.040201      9950001.24
      100000     400000   128    32   0.035734     11193821.01
     1000000    4000000   128     1   1.132589      3531731.28
     1000000    4000000   128     2   0.592203      6754440.62
     1000000    4000000   128     4   0.394053     10150918.79
     1000000    4000000   128     8   0.383814     10421714.68
     1000000    4000000   128    16   0.388144     10305453.65
     1000000    4000000   128    32   0.378300     10573618.82
    10000000   40000000   128     1  15.786104      2533874.10
    10000000   40000000   128     2   7.945532      5034275.87
    10000000   40000000   128     4   4.189489      9547703.79
    10000000   40000000   128     8   2.515377     15902188.82
    10000000   40000000   128    16   1.706972     23433307.63
    10000000   40000000   128    32   1.379709     28991620.70
