############################################################
# Benchmark Host: moxie
# Number Of Processors: 32
#
# Number Of Scheduled Runs: 3
# Start Time: 02/17/2008 - 03:29:55
############################################################

#   VERTICES      EDGES PROC Time(Secs) MEDGES/Sec [Run: 1]


      250000    1000000    1   0.217172   4.604645
      250000    1000000    2   0.116184   8.607037
      250000    1000000    4   0.076577  13.058751
      250000    1000000    8   0.072520  13.789300
      250000    1000000   16   0.106138   9.421696
      250000    1000000   20   0.128360   7.790589
      250000    1000000   24   0.147949   6.759086
      250000    1000000   30   0.181597   5.506699
      250000    1000000   32   0.192479   5.195372


     1000000    4000000    1   1.589634   2.516302
     1000000    4000000    2   0.824501   4.851419
     1000000    4000000    4   0.492832   8.116356
     1000000    4000000    8   0.390683  10.238480
     1000000    4000000   16   0.485832   8.233299
     1000000    4000000   20   0.567243   7.051652
     1000000    4000000   24   0.636029   6.289021
     1000000    4000000   30   0.767564   5.211292
     1000000    4000000   32   0.828730   4.826662


     4000000   16000000    1  10.781288   1.484053
     4000000   16000000    2   5.516114   2.900593
     4000000   16000000    4   3.042007   5.259685
     4000000   16000000    8   2.172518   7.364726
     4000000   16000000   16   2.261742   7.074193
     4000000   16000000   20   2.556562   6.258405
     4000000   16000000   24   2.833828   5.646073
     4000000   16000000   30   3.383587   4.728710
     4000000   16000000   32   3.591373   4.455121


     9000000   36000000    1  27.658441   1.301592
     9000000   36000000    2  14.109875   2.551405
     9000000   36000000    4   8.123988   4.431321
     9000000   36000000    8   5.525249   6.515543
     9000000   36000000   16   5.419930   6.642152
     9000000   36000000   20   5.955961   6.044365
     9000000   36000000   24   6.627911   5.431576
     9000000   36000000   30   7.535854   4.777163
     9000000   36000000   32   7.921883   4.544374
