############################################################
# Benchmark Host: moxie
# Number Of Processors: 32
#
# Number Of Scheduled Runs: 3
# Start Time: 01/17/2008 - 08:55:33
############################################################
#
# =================================================================
#   VERTICES      EDGES PROC  TIME(Sec)       EDGES/Sec [Run: 2]
# =================================================================
      100000     400000    1   0.774992       .52
      100000     400000    2   0.323604      1.24
      100000     400000    4   0.168807      2.37
      100000     400000    8   0.097527      4.10
      100000     400000   16   0.056466      7.08
      100000     400000   32   0.551670       .73
     1000000    4000000    1  12.263276       .33
     1000000    4000000    2   6.125685       .65
     1000000    4000000    4   3.116990      1.28
     1000000    4000000    8   1.671617      2.39
     1000000    4000000   16   0.946760      4.22
     1000000    4000000   32   1.674145      3.19
    10000000   40000000    1 208.863036       .19
    10000000   40000000    2  78.960940       .51
    10000000   40000000    4  40.861867       .98
    10000000   40000000    8  21.469193      1.86
    10000000   40000000   16  12.076581      3.31
    10000000   40000000   32  10.759979      3.72
C
############################################################
# Benchmark Host: moxie
# Number Of Processors: 32
#
# Number Of Scheduled Runs: 3
# Start Time: 01/17/2008 - 01:56:40
############################################################
# ===========================================================================
# [Run: 2] (Timings[COLS 4/8]: Seconds)
#   VERTICES      EDGES PROC      SV[Random]       EDGES/Sec
# ===========================================================================

      100000     400000    1        0.456892       .88
      100000     400000    2        0.241538      1.66
      100000     400000    4        0.124572      3.21
      100000     400000    8        0.082589      4.84
      100000     400000   16        0.054270      7.37
      100000     400000   32        0.051166      7.82
     1000000    4000000    1        7.046109       .57
     1000000    4000000    2        3.786547      1.06
     1000000    4000000    4        2.349276      1.70
     1000000    4000000    8        1.352041      2.96
     1000000    4000000   16        0.771793      5.18
     1000000    4000000   32        0.647753      6.18
    10000000   40000000    1      192.725052       .21
    10000000   40000000    2       99.858113       .40
    10000000   40000000    4       60.834660       .66
    10000000   40000000    8       27.822068      1.44
    10000000   40000000   16       15.638223      2.56
    10000000   40000000   32       10.308549      3.88

