############################################################
# Benchmark Host: moxie
# Number Of Processors: 32
#
# Number Of Scheduled Runs: 3
# Start Time: 02/25/2008 - 05:32:41
############################################################


#    VERTICS      EDGES PROCS  TIME(Sec) MEDGES/Sec [Run: 1]



      250000    1000000     1   0.561581   1.780687
      250000    1000000     2   0.288706   3.463731
      250000    1000000     4   0.162004   6.172687
      250000    1000000     8   0.145362   6.879377
      250000    1000000    16   0.111077   9.002764
      250000    1000000    20   0.104415   9.577168
      250000    1000000    24   0.117320   8.523696
      250000    1000000    30   0.151564   6.597873
      250000    1000000    32   0.118128   8.465393


     1000000    4000000     1   3.131098   1.277507
     1000000    4000000     2   1.578974   2.533291
     1000000    4000000     4   0.815245   4.906500
     1000000    4000000     8   0.497201   8.045036
     1000000    4000000    16   0.412444   9.698286
     1000000    4000000    20   0.382276  10.463644
     1000000    4000000    24   0.366311  10.919683
     1000000    4000000    32   0.374157  10.690699


#    VERTICS      EDGES PROCS  TIME(Sec) MEDGES/Sec [Run: 2]



      250000    1000000     1   0.561420   1.781198
      250000    1000000     2   0.292394   3.420043
      250000    1000000     4   0.186039   5.375217
      250000    1000000     8   0.128250   7.797271
      250000    1000000    16   0.143557   6.965874
      250000    1000000    20   0.097875  10.217114
      250000    1000000    24   0.154282   6.481638
      250000    1000000    32   0.123737   8.081657


     1000000    4000000     1   3.127153   1.279119
     1000000    4000000     2   1.585108   2.523487
     1000000    4000000     4   0.843158   4.744069
     1000000    4000000     8   0.534072   7.489627
     1000000    4000000    16   0.466549   8.573590
     1000000    4000000    20   0.406904   9.830329
     1000000    4000000    24   0.372828  10.728808
     1000000    4000000    30   0.393295  10.170483
     1000000    4000000    32   0.363389  11.007488


#    VERTICS      EDGES PROCS  TIME(Sec) MEDGES/Sec [Run: 3]



      250000    1000000     1   0.560307   1.784736
      250000    1000000     2   0.286541   3.489902
      250000    1000000     4   0.190985   5.236013
      250000    1000000     8   0.126866   7.882333
      250000    1000000    16   0.136433   7.329605
      250000    1000000    20   0.134148   7.454453
      250000    1000000    24   0.115759   8.638637
      250000    1000000    30   0.114543   8.730346
      250000    1000000    32   0.111682   8.953994


     1000000    4000000     1   3.128915   1.278398
     1000000    4000000     2   1.582118   2.528256
     1000000    4000000     4   0.851719   4.696385
     1000000    4000000     8   0.506968   7.890044
     1000000    4000000    16   0.422600   9.465215
     1000000    4000000    20   0.389681  10.264806
     1000000    4000000    24   0.397737  10.056897
     1000000    4000000    30   0.378106  10.579044


############################################################
# End Time: 02/25/2008 - 05:46:54
############################################################
