############################################################
# Benchmark Host: altair
# Number Of Processors: 8
#
# Number Of Scheduled Runs: 3
# Start Time: 01/18/2008 - 05:33:31
############################################################
#
# Run: 1
#
# =================================================================
#   VERTICES      EDGES PROC  TIME(Sec)       EDGES/Sec [Run: 1]
# =================================================================
       90000     360000    1   0.164853      2183765.21
       90000     360000    2   0.100582      3579170.20
       90000     360000    4   0.063253      5691437.48
       90000     360000    8   0.062310      5777519.84
      810000    3240000    1   1.870503      1732154.08
      810000    3240000    2   1.025622      3159058.87
      810000    3240000    4   0.608299      5326330.66
      810000    3240000    8   0.705871      4590071.40
     7290000   29160000    1  26.040766      1119782.75
     7290000   29160000    2  14.922688      1954071.50
     7290000   29160000    4   9.390702      3105199.30
     7290000   29160000    8   6.334154      4603614.16
# =================================================================
#   VERTICES      EDGES PROC  TIME(Sec)       EDGES/Sec [Run: 2]
# =================================================================
       90000     360000    1   0.148570      2423103.42
       90000     360000    2   0.094161      3823219.11
       90000     360000    4   0.051493      6991187.76
       90000     360000    8   0.047838      7525476.09
      810000    3240000    1   1.832263      1768304.78
      810000    3240000    2   1.054128      3073631.79
      810000    3240000    4   0.697404      4645798.69
      810000    3240000    8   0.443674      7302656.38
     7290000   29160000    1  21.306580      1368591.29
     7290000   29160000    2  14.542079      2005215.38
     7290000   29160000    4   8.762997      3327628.63
     7290000   29160000    8   6.319850      4614033.88
# =================================================================
#   VERTICES      EDGES PROC  TIME(Sec)       EDGES/Sec [Run: 3]
# =================================================================
       90000     360000    1   0.151595      2374750.48
       90000     360000    2   0.097251      3701749.77
       90000     360000    4   0.063295      5687614.68
       90000     360000    8   0.067990      5294868.82
      810000    3240000    1   1.694412      1912167.81
      810000    3240000    2   1.115778      2903802.99
      810000    3240000    4   0.634989      5102453.29
      810000    3240000    8   0.420678      7701845.36
     7290000   29160000    1  23.848418      1222722.60
     7290000   29160000    2  14.877808      1959966.17
     7290000   29160000    4   9.227267      3160199.07
     7290000   29160000    8   6.238849      4673938.71
