############################################################
# Benchmark Host: v20n23.pbm.ihost.com
# Number Of Processors: 16
#
# Number Of Scheduled Runs: 3
# Start Time: 02/22/2008 - 03:07:11
############################################################

#    VERTICS      EDGES NPROC  TIME(Sec) MEDGES/Sec   STEALS ATTEMPTS [Run: 1]

      250000    1000000     1   0.265800   3.762227        0        0
      250000    1000000     2   0.149100   6.706908        8       54
      250000    1000000     4   0.079700  12.547051       21      260
      250000    1000000     6   0.055600  17.985612       47      740
      250000    1000000     8   0.043800  22.831050      103     1624
      250000    1000000    10   0.033800  29.585799       72     3637
      250000    1000000    12   0.028200  35.460993      102     3708
      250000    1000000    14   0.025100  39.840637      153     4922
      250000    1000000    16   0.023400  42.735043      204     6798

#    VERTICS      EDGES NPROC  TIME(Sec) MEDGES/Sec   STEALS ATTEMPTS [Run: 1]

     1000000    4000000     1   2.060200   1.941559        0        0
     1000000    4000000     2   0.996500   4.014049       98      244
     1000000    4000000     4   0.470600   8.499788      103      670
     1000000    4000000     6   0.307900  12.991231      192     1304
     1000000    4000000     8   0.233300  17.145306      217     1896
     1000000    4000000    10   0.192100  20.822488      227     3260
     1000000    4000000    12   0.157200  25.445293      316     5203
     1000000    4000000    14   0.134600  29.717682      372     5287
     1000000    4000000    16   0.118000  33.898305      262     6901

#    VERTICS      EDGES NPROC  TIME(Sec) MEDGES/Sec   STEALS ATTEMPTS [Run: 1]

     4000000   16000000     1   9.328800   1.715119        0        0
     4000000   16000000     2   4.617500   3.465079      148      560
     4000000   16000000     4   2.217700   7.214682      324     2000
     4000000   16000000     6   1.490400  10.735373      854     5992
     4000000   16000000     8   1.083300  14.769685     1645     8180
     4000000   16000000    10   0.907000  17.640573      974     9042
     4000000   16000000    12   0.750200  21.327646      534     7158
     4000000   16000000    14   0.641300  24.949322     1806    19499
     4000000   16000000    16   0.584100  27.392570     1638    15888

#    VERTICS      EDGES NPROC  TIME(Sec) MEDGES/Sec   STEALS ATTEMPTS [Run: 1]

     9000000   36000000     1  20.348500   1.769172        0        0
     9000000   36000000     2  10.312400   3.490943      382     1320
     9000000   36000000     4   5.076800   7.091081      557     3832
     9000000   36000000     6   3.340200  10.777798      925     6436
     9000000   36000000     8   2.557200  14.077898     1040    10191
     9000000   36000000    10   2.011000  17.901542      906    11600
     9000000   36000000    12   1.746000  20.618557     1148    15974
     9000000   36000000    14   1.502400  23.961661     1589    18204
     9000000   36000000    16   1.345500  26.755853     1318    18560

#    VERTICS      EDGES NPROC  TIME(Sec) MEDGES/Sec   STEALS ATTEMPTS [Run: 2]

      250000    1000000     1   0.302600   3.304693        0        0
      250000    1000000     2   0.144600   6.915629       94      224
      250000    1000000     4   0.078900  12.674271       33      290
      250000    1000000     6   0.056200  17.793594       63      888
      250000    1000000     8   0.043900  22.779043       92     1722
      250000    1000000    10   0.033900  29.498525       76     2513
      250000    1000000    12   0.028200  35.460993       83     3087
      250000    1000000    14   0.024900  40.160643      111     4718
      250000    1000000    16   0.023400  42.735043      135     6328

#    VERTICS      EDGES NPROC  TIME(Sec) MEDGES/Sec   STEALS ATTEMPTS [Run: 2]

     1000000    4000000     1   2.031100   1.969376        0        0
     1000000    4000000     2   0.978000   4.089980       29      146
     1000000    4000000     4   0.466400   8.576329       59      572
     1000000    4000000     6   0.306600  13.046314      230     1331
     1000000    4000000     8   0.235600  16.977929      152     3052
     1000000    4000000    10   0.190900  20.953379      212     2601
     1000000    4000000    12   0.155700  25.690430      352     5048
     1000000    4000000    14   0.135000  29.629630      357     5264
     1000000    4000000    16   0.118600  33.726813      327     8143

#    VERTICS      EDGES NPROC  TIME(Sec) MEDGES/Sec   STEALS ATTEMPTS [Run: 2]

     4000000   16000000     1   9.368500   1.707851        0        0
     4000000   16000000     2   4.604500   3.474862       48      160
     4000000   16000000     4   2.211300   7.235563     1124     4014
     4000000   16000000     6   1.493600  10.712373      602     4818
     4000000   16000000     8   1.099900  14.546777     1527     9460
     4000000   16000000    10   0.920400  17.383746     1094     9686
     4000000   16000000    12   0.757500  21.122112     1220    11720
     4000000   16000000    14   0.646900  24.733344     1568    12176
     4000000   16000000    16   0.584300  27.383194     1684    16543

#    VERTICS      EDGES NPROC  TIME(Sec) MEDGES/Sec   STEALS ATTEMPTS [Run: 2]

     9000000   36000000     1  20.448700   1.760503        0        0
     9000000   36000000     2  10.242200   3.514870      164      366
     9000000   36000000     4   5.065400   7.107040      632     2178
     9000000   36000000     6   3.338300  10.783932      501     5190
     9000000   36000000     8   2.545100  14.144827      751     8420
     9000000   36000000    10   2.092500  17.204301     1117    11222
     9000000   36000000    12   1.715700  20.982689     1125    12676
     9000000   36000000    14   1.500400  23.993602     1877    23597
     9000000   36000000    16   1.346600  26.733997     1317    21200

#    VERTICS      EDGES NPROC  TIME(Sec) MEDGES/Sec   STEALS ATTEMPTS [Run: 3]

      250000    1000000     1   0.295500   3.384095        0        0
      250000    1000000     2   0.144300   6.930007       10       92
      250000    1000000     4   0.079600  12.562814       30      340
      250000    1000000     6   0.055200  18.115942       50      692
      250000    1000000     8   0.042900  23.310023       98     1730
      250000    1000000    10   0.034700  28.818444       90     2443
      250000    1000000    12   0.028100  35.587189      110     3501
      250000    1000000    14   0.024200  41.322314      129     6816
      250000    1000000    16   0.023700  42.194093      202     5811

#    VERTICS      EDGES NPROC  TIME(Sec) MEDGES/Sec   STEALS ATTEMPTS [Run: 3]

     1000000    4000000     1   2.090100   1.913784        0        0
     1000000    4000000     2   0.982900   4.069590       10      108
     1000000    4000000     4   0.469000   8.528785       75      678
     1000000    4000000     6   0.310900  12.865873      173     1416
     1000000    4000000     8   0.232900  17.174753      189     1830
     1000000    4000000    10   0.189800  21.074816      270     3346
     1000000    4000000    12   0.155700  25.690430      238     4959
     1000000    4000000    14   0.133500  29.962547      270     5324
     1000000    4000000    16   0.117700  33.984707      389     7426

#    VERTICS      EDGES NPROC  TIME(Sec) MEDGES/Sec   STEALS ATTEMPTS [Run: 3]

     4000000   16000000     1   9.356000   1.710133        0        0
     4000000   16000000     2   4.560500   3.508387      160      600
     4000000   16000000     4   2.199000   7.276035      533     2418
     4000000   16000000     6   1.487900  10.753411     1573     8670
     4000000   16000000     8   1.103500  14.499320     1193     9878
     4000000   16000000    10   0.912500  17.534247     1042     8748
     4000000   16000000    12   0.757000  21.136063     1526    14320
     4000000   16000000    14   0.647600  24.706609     1921    16064
     4000000   16000000    16   0.583200  27.434842     1258    15213

#    VERTICS      EDGES NPROC  TIME(Sec) MEDGES/Sec   STEALS ATTEMPTS [Run: 3]

     9000000   36000000     1  20.478500   1.757941        0        0
     9000000   36000000     2  10.357400   3.475776      778     1590
     9000000   36000000     4   5.046900   7.133092      392     3340
     9000000   36000000     6   3.358800  10.718114      538     5280
     9000000   36000000     8   2.550500  14.114879      756     8870
     9000000   36000000    10   2.060000  17.475728     1123    11272
     9000000   36000000    12   1.751400  20.554985     1258    16936
     9000000   36000000    14   1.514700  23.767083     1047    16094
     9000000   36000000    16   1.348100  26.704250     1269    19187


############################################################
# End Time: 02/22/2008 - 07:49:21
############################################################
