############################################################
# Benchmark Host: altair
# Number Of Processors: 8
#
# Number Of Scheduled Runs: 2
# Start Time: 01/19/2008 - 05:42:07
############################################################
#
# Run: 1
#


#    VERTICS      EDGES PARTS PROCS  TIME(Sec)       EDGES/Sec [Run: 1]

     2250000    9000000    64     1   0.823111     10934126.75
     2250000    9000000    64     2   0.890141     10110757.73
     2250000    9000000    64     4   0.948798      9485686.10
     2250000    9000000    64     8   0.945228      9521512.27
     4410000   17640000    64     1   1.917141      9201201.16
     4410000   17640000    64     2   2.054331      8586737.00
     4410000   17640000    64     4   2.269184      7773719.54
     4410000   17640000    64     8   2.255059      7822411.74
     2250000    9000000   128     1   0.894157     10065346.47
     2250000    9000000   128     2   0.921845      9763029.58
     2250000    9000000   128     4   1.058761      8500502.00
     2250000    9000000   128     8   1.053563      8542441.22
     4410000   17640000   128     1   2.043622      8631733.27
     4410000   17640000   128     2   2.078095      8488543.59
     4410000   17640000   128     4   2.410700      7317376.70
     4410000   17640000   128     8   2.482318      7106261.16


#    VERTICS      EDGES PARTS PROCS  TIME(Sec)       EDGES/Sec [Run: 2]

     2250000    9000000    64     1   0.832559     10810044.69
     2250000    9000000    64     2   0.910569      9883929.72
     2250000    9000000    64     4   0.945394      9519840.41
     2250000    9000000    64     8   0.936028      9615096.98
     4410000   17640000    64     1   1.922281      9176598.01
     4410000   17640000    64     2   2.029149      8693299.51
     4410000   17640000    64     4   2.151784      8197848.85
     4410000   17640000    64     8   2.227992      7917443.15
     2250000    9000000   128     1   0.886279     10154815.81
     2250000    9000000   128     2   0.946718      9506526.76
     2250000    9000000   128     4   1.022475      8802171.20
     2250000    9000000   128     8   1.052866      8548096.34
     4410000   17640000   128     1   2.062512      8552677.51
     4410000   17640000   128     2   2.231472      7905095.83
     4410000   17640000   128     4   2.348462      7511298.88
     4410000   17640000   128     8   2.384295      7398413.37
