############################################################
# Benchmark Host: v20n32.pbm.ihost.com
# Number Of Processors: 16
#
# Number Of Scheduled Runs: 3
# Start Time: 02/22/2008 - 03:02:55
############################################################

#    VERTICS      EDGES PROC Time(Secs) MEDGES/Sec [Run: 1]


      250000    1000000    1   0.228480   4.376751
      250000    1000000    2   0.127821   7.823441
      250000    1000000    4   0.076025  13.153568
      250000    1000000    6   0.055264  18.094962
      250000    1000000    8   0.040661  24.593591
      250000    1000000   10   0.035681  28.026120
      250000    1000000   12   0.030376  32.920727
      250000    1000000   14   0.027816  35.950532
      250000    1000000   16   0.023025  43.431053


     1000000    4000000    1   1.580869   2.530254
     1000000    4000000    2   0.925985   4.319724
     1000000    4000000    4   0.463538   8.629282
     1000000    4000000    6   0.322254  12.412569
     1000000    4000000    8   0.261097  15.319977
     1000000    4000000   10   0.218577  18.300187
     1000000    4000000   12   0.173657  23.033912
     1000000    4000000   14   0.151842  26.343173
     1000000    4000000   16   0.133498  29.962996


     4000000   16000000    1   9.938326   1.609929
     4000000   16000000    2   5.881326   2.720475
     4000000   16000000    4   3.009273   5.316899
     4000000   16000000    6   2.085688   7.671330
     4000000   16000000    8   1.609338   9.941976
     4000000   16000000   10   1.351733  11.836657
     4000000   16000000   12   1.091269  14.661829
     4000000   16000000   14   0.926773  17.264206
     4000000   16000000   16   0.909027  17.601237


     9000000   36000000    1  36.411403   0.988701
     9000000   36000000    2  20.579122   1.749346
     9000000   36000000    4   9.877958   3.644478
     9000000   36000000    6   6.807394   5.288367
     9000000   36000000    8   5.478122   6.571595
     9000000   36000000   10   4.416473   8.151301
     9000000   36000000   12   3.712699   9.696450
     9000000   36000000   14   3.322803  10.834226
     9000000   36000000   16   2.859192  12.590970

#    VERTICS      EDGES PROC Time(Secs) MEDGES/Sec [Run: 2]


      250000    1000000    1   0.292145   3.422958
      250000    1000000    2   0.137024   7.297992
      250000    1000000    4   0.078132  12.798853
      250000    1000000    6   0.054187  18.454611
      250000    1000000    8   0.044460  22.492128
      250000    1000000   10   0.035435  28.220686
      250000    1000000   12   0.030899  32.363507
      250000    1000000   14   0.027169  36.806655
      250000    1000000   16   0.023006  43.466922


     1000000    4000000    1   1.581730   2.528877
     1000000    4000000    2   0.896530   4.461647
     1000000    4000000    4   0.464361   8.613988
     1000000    4000000    6   0.318103  12.574543
     1000000    4000000    8   0.262948  15.212133
     1000000    4000000   10   0.218160  18.335167
     1000000    4000000   12   0.174123  22.972267
     1000000    4000000   14   0.152980  26.147209
     1000000    4000000   16   0.133562  29.948638


     4000000   16000000    1   9.992854   1.601144
     4000000   16000000    2   5.500252   2.908958
     4000000   16000000    4   2.943521   5.435667
     4000000   16000000    6   2.132320   7.503564
     4000000   16000000    8   1.597825  10.013612
     4000000   16000000   10   1.350559  11.846946
     4000000   16000000   12   1.067240  14.991942
     4000000   16000000   14   0.928541  17.231334
     4000000   16000000   16   0.892990  17.917334


     9000000   36000000    1  36.466727   0.987201
     9000000   36000000    2  20.495736   1.756463
     9000000   36000000    4  10.791212   3.336048
     9000000   36000000    6   7.105515   5.066487
     9000000   36000000    8   5.487205   6.560717
     9000000   36000000   10   4.075225   8.833868
     9000000   36000000   12   3.730353   9.650561
     9000000   36000000   14   3.262945  11.032978
     9000000   36000000   16   3.107417  11.585185

#    VERTICS      EDGES PROC Time(Secs) MEDGES/Sec [Run: 3]


      250000    1000000    1   0.307373   3.253376
      250000    1000000    2   0.135667   7.370989
      250000    1000000    4   0.076797  13.021342
      250000    1000000    6   0.054930  18.204988
      250000    1000000    8   0.041837  23.902287
      250000    1000000   10   0.035955  27.812543
      250000    1000000   12   0.029517  33.878782
      250000    1000000   14   0.028866  34.642832
      250000    1000000   16   0.023133  43.228289


     1000000    4000000    1   1.582073   2.528328
     1000000    4000000    2   0.927151   4.314292
     1000000    4000000    4   0.462239   8.653532
     1000000    4000000    6   0.318434  12.561473
     1000000    4000000    8   0.261266  15.310067
     1000000    4000000   10   0.218660  18.293241
     1000000    4000000   12   0.174283  22.951177
     1000000    4000000   14   0.165691  24.141323
     1000000    4000000   16   0.133559  29.949311


     4000000   16000000    1   9.927568   1.611674
     4000000   16000000    2   5.841657   2.738949
     4000000   16000000    4   2.972495   5.382684
     4000000   16000000    6   2.115000   7.565012
     4000000   16000000    8   1.630458   9.813194
     4000000   16000000   10   1.352497  11.829971
     4000000   16000000   12   1.123646  14.239360
     4000000   16000000   14   1.011996  15.810339
     4000000   16000000   16   0.991227  16.141610


     9000000   36000000    1  36.816133   0.977832
     9000000   36000000    2  21.036121   1.711342
     9000000   36000000    4  10.468202   3.438986
     9000000   36000000    6   6.794567   5.298351
     9000000   36000000    8   5.318078   6.769363
     9000000   36000000   10   4.324759   8.324163
     9000000   36000000   12   3.744495   9.614114
     9000000   36000000   14   3.465699  10.387515
     9000000   36000000   16   2.899277  12.416889


############################################################
# End Time: 02/22/2008 - 05:49:45
############################################################
