############################################################
# Benchmark Host: v20n25.pbm.ihost.com
# Number Of Processors: 16
#
# Number Of Scheduled Runs: 3
# Start Time: 02/22/2008 - 02:28:02
############################################################

#    VERTICS      EDGES NPROC  TIME(Sec) MEDGES/Sec   STEALS ATTEMPTS [Run: 1]

      250000    1000000     1   0.080700  12.391574        0        0
      250000    1000000     2   0.090500  11.049724        0      104
      250000    1000000     4   0.035900  27.855153       60    24002
      250000    1000000     6   0.026500  37.735849       76    35851
      250000    1000000     8   0.046300  21.598272       11    23833
      250000    1000000    10   0.698100   1.432460     7110   227564
      250000    1000000    12   0.197100   5.073567     3572   422583
      250000    1000000    14   0.781700   1.279263    11354   603793
      250000    1000000    16   1.066200   0.937910    14476   990019

#    VERTICS      EDGES NPROC  TIME(Sec) MEDGES/Sec   STEALS ATTEMPTS [Run: 1]

     1000000    4000000     1   0.415800   9.620010        0        0
     1000000    4000000     2   0.416300   9.608455        0     1082
     1000000    4000000     4   0.229800  17.406440       55   148701
     1000000    4000000     6   0.609900   6.558452     1045   249957
     1000000    4000000     8   2.229000   1.794527    16659   477163
     1000000    4000000    10   0.106600  37.523452    10200   539352
     1000000    4000000    12   1.227700   3.258125    25441   816362
     1000000    4000000    14   0.380000  10.526316      276    84070
     1000000    4000000    16   0.975900   4.098781    34835  1356417

#    VERTICS      EDGES NPROC  TIME(Sec) MEDGES/Sec   STEALS ATTEMPTS [Run: 1]

     4000000   16000000     1   2.059500   7.768876        0        0
     4000000   16000000     2   3.553300   4.502856        1     2298
     4000000   16000000     4   1.291300  12.390614        6   238070
     4000000   16000000     6   2.364100   6.767903      212    57747
     4000000   16000000     8   2.900600   5.516100    58415   958122
     4000000   16000000    10   1.790400   8.936550    75557  1333813
     4000000   16000000    12   1.389300  11.516591    77186  1723411
     4000000   16000000    14   1.517100  10.546437    77703  2058262
     4000000   16000000    16   1.471200  10.875476    88321  2740498

#    VERTICS      EDGES NPROC  TIME(Sec) MEDGES/Sec   STEALS ATTEMPTS [Run: 1]

     9000000   36000000     1   4.600700   7.824896        0        0
     9000000   36000000     2   9.898200   3.637025        2     4924
     9000000   36000000     4  23.927000   1.504576    12244   353544
     9000000   36000000     6  15.473100   2.326618    67014  1286793
     9000000   36000000     8   5.662300   6.357840   116678  1638724
     9000000   36000000    10   2.649000  13.590034   132413  2210861
     9000000   36000000    12   2.355500  15.283379   163515  2950156
     9000000   36000000    14   1.944300  18.515661   146774  3325161
     9000000   36000000    16   1.892200  19.025473   166439  4339797
