############################################################
# Benchmark Host: v20n97.pbm.ihost.com
# Number Of Processors: 16
# Usable Physical Memory: 63488 MBytes
# SMT Enabled: false
# SMT Threads: 2
#
# Number Of Scheduled Runs: 5
# Start Time: 10/05/2007 - 13:05:00
############################################################

# =====================================================================================
# [Run: 1] (Timings[COLS 4/8]: Seconds)
#   VERTICES      EDGES PROC        BFS       EDGES/Sec
# =====================================================================================

     1000000    4000000    1   0.699575      5717757.21
     1000000    4000000    2   0.359410     11129350.88
     1000000    4000000    3   0.243568     16422518.56
     1000000    4000000    4   0.189228     21138520.73
     1000000    4000000    5   0.163854     24411976.52
     1000000    4000000    6   0.140937     28381475.41
     1000000    4000000    7   0.129576     30869914.18
     1000000    4000000    8   0.121127     33023190.54
     1000000    4000000    9   0.118589     33729941.23
     1000000    4000000   10   0.118808     33667766.48
     1000000    4000000   11   0.112225     35642682.11
     1000000    4000000   12   0.112474     35563774.74
     1000000    4000000   13   0.113012     35394471.38
     1000000    4000000   14   0.113933     35108353.15
     1000000    4000000   15   0.114678     34880273.46
     1000000    4000000   16   0.113209     35332879.89

# =====================================================================================
# [Run: 1] (Timings[COLS 4/8]: Seconds)
#   VERTICES      EDGES PROC        BFS       EDGES/Sec
# =====================================================================================

     2000000    8000000    1   1.750515      4570083.66
     2000000    8000000    2   0.850032      9411410.39
     2000000    8000000    3   0.596086     13420882.22
     2000000    8000000    4   0.471474     16968061.87
     2000000    8000000    5   0.397064     20147885.48
     2000000    8000000    6   0.343790     23270019.49
     2000000    8000000    7   0.304685     26256625.70
     2000000    8000000    8   0.284944     28075692.07
     2000000    8000000    9   0.273200     29282576.87
     2000000    8000000   10   0.262513     30474681.25
     2000000    8000000   11   0.252745     31652456.03
     2000000    8000000   12   0.251531     31805224.80
     2000000    8000000   13   0.248578     32183057.23
     2000000    8000000   14   0.248457     32198730.57
     2000000    8000000   15   0.247064     32380273.94
     2000000    8000000   16   0.244965     32657726.61

# =====================================================================================
# [Run: 1] (Timings[COLS 4/8]: Seconds)
#   VERTICES      EDGES PROC        BFS       EDGES/Sec
# =====================================================================================

     3000000   12000000    1   2.920806      4108454.99
     3000000   12000000    2   1.475104      8135019.63
     3000000   12000000    3   0.993038     12084129.71
     3000000   12000000    4   0.774057     15502734.29
     3000000   12000000    5   0.655320     18311664.53
     3000000   12000000    6   0.559378     21452398.91
     3000000   12000000    7   0.502888     23862172.09
     3000000   12000000    8   0.461080     26025852.35
     3000000   12000000    9   0.440197     27260521.99
     3000000   12000000   10   0.429769     27921976.69
     3000000   12000000   11   0.423363     28344470.35
     3000000   12000000   12   0.406110     29548644.46
     3000000   12000000   13   0.398421     30118894.34
     3000000   12000000   14   0.403848     29714149.88
     3000000   12000000   15   0.398636     30102650.04
     3000000   12000000   16   0.386949     31011838.77

# =====================================================================================
# [Run: 1] (Timings[COLS 4/8]: Seconds)
#   VERTICES      EDGES PROC        BFS       EDGES/Sec
# =====================================================================================

     4000000   16000000    1   4.521477      3538666.68
     4000000   16000000    2   2.201216      7268709.66
     4000000   16000000    3   1.437702     11128870.93
     4000000   16000000    4   1.169080     13685975.30
     4000000   16000000    5   0.935381     17105329.27
     4000000   16000000    6   0.802939     19926793.94
     4000000   16000000    7   0.742871     21538059.77
     4000000   16000000    8   0.671789     23817002.06
     4000000   16000000    9   0.612949     26103313.65
     4000000   16000000   10   0.607579     26334024.05
     4000000   16000000   11   0.598121     26750440.13
     4000000   16000000   12   0.570892     28026316.71
     4000000   16000000   13   0.564765     28330367.50
     4000000   16000000   14   0.565268     28305157.91
     4000000   16000000   15   0.569748     28082590.90
     4000000   16000000   16   0.545179     29348159.05

# =====================================================================================
# [Run: 1] (Timings[COLS 4/8]: Seconds)
#   VERTICES      EDGES PROC        BFS       EDGES/Sec
# =====================================================================================

     5000000   20000000    1   6.211832      3219662.09
     5000000   20000000    2   2.878640      6947725.31
     5000000   20000000    3   1.932280     10350466.81
     5000000   20000000    4   1.523416     13128390.41
     5000000   20000000    5   1.276088     15672900.30
     5000000   20000000    6   1.085082     18431786.72
     5000000   20000000    7   0.972299     20569804.14
     5000000   20000000    8   0.912649     21914229.90
     5000000   20000000    9   0.860794     23234362.69
     5000000   20000000   10   0.798235     25055278.21
     5000000   20000000   11   0.760070     26313365.87
     5000000   20000000   12   0.746184     26803040.54
     5000000   20000000   13   0.732510     27303381.52
     5000000   20000000   14   0.734746     27220291.09
     5000000   20000000   15   0.731462     27342500.36
     5000000   20000000   16   0.703146     28443594.93
