############################################################
# Benchmark Host: v20n100.pbm.ihost.com
# Number Of Processors: 16
# Usable Physical Memory: 63488 MBytes
# SMT Enabled: false
# SMT Threads: 2
#
# Number Of Scheduled Runs: 5
# Start Time: 10/05/2007 - 13:12:01
############################################################

# =================================================================
#   VERTICES      EDGES PROC  TIME(Sec)       EDGES/Sec [Run: 1]
# =================================================================

     1000000    4000000    1   2.502000      1598721.02
     1000000    4000000    2   1.243000      3218020.92
     1000000    4000000    3   0.841000      4756242.57
     1000000    4000000    4   0.632000      6329113.92
     1000000    4000000    5   0.497000      8048289.74
     1000000    4000000    6   0.408000      9803921.57
     1000000    4000000    7   0.353000     11331444.76
     1000000    4000000    8   0.327000     12232415.90
     1000000    4000000    9   0.310000     12903225.81
     1000000    4000000   10   0.271000     14760147.60
     1000000    4000000   11   0.261000     15325670.50
     1000000    4000000   12   0.244000     16393442.62
     1000000    4000000   13   0.230000     17391304.35
     1000000    4000000   14   0.209000     19138755.98
     1000000    4000000   15   0.201000     19900497.51
     1000000    4000000   16   0.197000     20304568.53

# =================================================================
#   VERTICES      EDGES PROC  TIME(Sec)       EDGES/Sec [Run: 1]
# =================================================================

     2000000    8000000    1   6.928000      1154734.41
     2000000    8000000    2   3.530000      2266288.95
     2000000    8000000    3   2.110000      3791469.19
     2000000    8000000    4   1.800000      4444444.44
     2000000    8000000    5   1.409000      5677785.66
     2000000    8000000    6   1.169000      6843455.95
     2000000    8000000    7   1.086000      7366482.50
     2000000    8000000    8   0.988000      8097165.99
     2000000    8000000    9   0.728000     10989010.99
     2000000    8000000   10   0.739000     10825439.78
     2000000    8000000   11   0.684000     11695906.43
     2000000    8000000   12   0.672000     11904761.90
     2000000    8000000   13   0.670000     11940298.51
     2000000    8000000   14   0.583000     13722126.93
     2000000    8000000   15   0.548000     14598540.15
     2000000    8000000   16   0.443000     18058690.74

# =================================================================
#   VERTICES      EDGES PROC  TIME(Sec)       EDGES/Sec [Run: 1]
# =================================================================

     3000000   12000000    1  12.549000       956251.49
     3000000   12000000    2   5.773000      2078641.95
     3000000   12000000    3   3.711000      3233629.75
     3000000   12000000    4   2.995000      4006677.80
     3000000   12000000    5   2.320000      5172413.79
     3000000   12000000    6   1.967000      6100660.90
     3000000   12000000    7   1.870000      6417112.30
     3000000   12000000    8   1.440000      8333333.33
     3000000   12000000    9   1.472000      8152173.91
     3000000   12000000   10   1.453000      8258774.95
     3000000   12000000   11   1.261000      9516256.94
     3000000   12000000   12   1.266000      9478672.99
     3000000   12000000   13   0.985000     12182741.12
     3000000   12000000   14   0.891000     13468013.47
     3000000   12000000   15   0.842000     14251781.47
     3000000   12000000   16   0.908000     13215859.03

# =================================================================
#   VERTICES      EDGES PROC  TIME(Sec)       EDGES/Sec [Run: 1]
# =================================================================

     4000000   16000000    1  19.666000       813586.90
     4000000   16000000    2   8.613000      1857657.03
     4000000   16000000    3   6.023000      2656483.48
     4000000   16000000    4   4.833000      3310573.14
     4000000   16000000    5   3.511000      4557106.24
     4000000   16000000    6   3.304000      4842615.01
     4000000   16000000    7   2.799000      5716327.26
     4000000   16000000    8   2.389000      6697362.91
     4000000   16000000    9   2.287000      6996064.71
     4000000   16000000   10   1.834000      8724100.33
     4000000   16000000   11   1.870000      8556149.73
     4000000   16000000   12   1.727000      9264620.73
     4000000   16000000   13   1.588000     10075566.75
     4000000   16000000   14   1.594000     10037641.15
     4000000   16000000   15   1.225000     13061224.49
     4000000   16000000   16   1.442000     11095700.42

# =================================================================
#   VERTICES      EDGES PROC  TIME(Sec)       EDGES/Sec [Run: 1]
# =================================================================

     5000000   20000000    1  27.473000       727987.48
     5000000   20000000    2  11.735000      1704303.37
     5000000   20000000    3   7.991000      2502815.67
     5000000   20000000    4   6.026000      3318951.21
     5000000   20000000    5   5.407000      3698908.82
     5000000   20000000    6   4.543000      4402377.28
     5000000   20000000    7   3.655000      5471956.22
     5000000   20000000    8   3.383000      5911912.50
     5000000   20000000    9   2.840000      7042253.52
     5000000   20000000   10   2.724000      7342143.91
     5000000   20000000   11   2.370000      8438818.57
     5000000   20000000   12   2.130000      9389671.36
     5000000   20000000   13   2.177000      9186954.52
     5000000   20000000   14   2.140000      9345794.39
     5000000   20000000   15   1.766000     11325028.31
     5000000   20000000   16   1.816000     11013215.86
