XWS
############################################################
# Benchmark Host: moxie
# Number Of Processors: 32
#
# Number Of Scheduled Runs: 1
# Start Time: 01/16/2008 - 02:51:10
############################################################
# =================================================================
#   VERTICES      EDGES PROC  TIME(Sec)       EDGES/Sec [Run: 1]
# =================================================================
      100000     300000    1   0.131622      2279250.66
      100000     300000    2   0.082172      3650868.87
      100000     300000    4   0.054124      5542859.74
      100000     300000    8   0.026431     11350292.89
      100000     300000   16   0.021266     14107117.51
      100000     300000   32   0.025644     11698674.89
     1000000    3000000    1   1.470137      2040626.75
     1000000    3000000    2   0.769152      3900401.86
     1000000    3000000    4   0.391949      7654052.99
     1000000    3000000    8   0.216045     13886024.32
     1000000    3000000   16   0.145203     20660716.49
     1000000    3000000   32   0.151302     19827868.72
    10000000   30000000    1  23.379450      1283178.15
    10000000   30000000    2  11.622582      2581181.97
    10000000   30000000    4   5.886901      5096059.62
    10000000   30000000    8   3.171711      9458617.79
    10000000   30000000   16   1.815752     16522080.21
    10000000   30000000   32   1.636325     18333761.99
      100000     400000    1   0.131659      3038162.07
      100000     400000    2   0.095423      4191880.43
      100000     400000    4   0.043316      9234477.94
      100000     400000    8   0.031445     12720820.32
      100000     400000   16   0.023670     16899092.56
      100000     400000   32   0.027562     14512731.77
     1000000    4000000    1   1.470636      2719911.08
     1000000    4000000    2   0.775119      5160494.95
     1000000    4000000    4   0.392142     10200395.44
     1000000    4000000    8   0.213414     18742939.89
     1000000    4000000   16   0.174485     22924579.63
     1000000    4000000   32   0.130233     30714245.65
    10000000   40000000    1  23.368907      1711676.10
    10000000   40000000    2  11.633105      3438462.80
    10000000   40000000    4   5.928880      6746636.28
    10000000   40000000    8   3.177943     12586759.05
    10000000   40000000   16   1.885504     21214486.93
    10000000   40000000   32   1.428941     27992767.52

SpanT
############################################################
# Benchmark Host: moxie
# Number Of Processors: 32
#
# Number Of Scheduled Runs: 3
# Start Time: 01/17/2008 - 05:01:29
############################################################
#
# Run: 1
#

# ===========================================================================
# [Run: 1] (Timings[COLS 4/8]: Seconds)
#   VERTICES      EDGES PROC     BFS[KGraph]       EDGES/Sec
# ===========================================================================

      100000     400000    1        0.049127      8142162.15
      100000     400000    2        0.026249     15238675.76
      100000     400000    4        0.017251     23187061.62
      100000     400000    8        0.014875     26890756.30
      100000     400000   16        0.020616     19402405.90
      100000     400000   32        0.037376     10702054.79
     1000000    4000000    1        1.145881      3490763.88
     1000000    4000000    2        0.577085      6931387.92
     1000000    4000000    4        0.299143     13371531.34
     1000000    4000000    8        0.169796     23557680.98
     1000000    4000000   16        0.112681     35498442.51
     1000000    4000000   32        0.121596     32895818.94
    10000000   40000000    1       20.412608      1959573.22
    10000000   40000000    2        9.905277      4038251.53
    10000000   40000000    4        5.034349      7945416.58
    10000000   40000000    8        2.673964     14959064.52
    10000000   40000000   16        1.530049     26142953.59
    10000000   40000000   32        1.203618     33233135.43

Cilk
############################################################
# Benchmark Host: moxie
# Number Of Processors: 32
#
# Number Of Scheduled Runs: 3
# Start Time: 01/11/2008 - 06:12:15
############################################################


#    VERTICS      EDGES PARTS PROCS  TIME(Sec)       EDGES/Sec [Run: 1]

      100000     400000    64     1   0.039049     10243540.17
      100000     400000    64     2   0.033137     12071098.77
      100000     400000    64     4   0.038232     10462439.84
      100000     400000    64     8   0.038608     10360547.04
      100000     400000    64    16   0.038212     10467915.84
      100000     400000    64    32   0.039576     10107135.64
     1000000    4000000    64     1   1.128293      3545178.42
     1000000    4000000    64     2   0.587805      6804977.84
     1000000    4000000    64     4   0.432169      9255638.42
     1000000    4000000    64     8   0.399199     10020065.18
     1000000    4000000    64    16   0.367493     10884561.07
     1000000    4000000    64    32   0.374854     10670821.17
    10000000   40000000    64     1  15.774490      2535739.67
    10000000   40000000    64     2   7.946541      5033636.65
    10000000   40000000    64     4   4.208471      9504639.57
    10000000   40000000    64     8   2.442842     16374370.51
    10000000   40000000    64    16   1.747519     22889593.76
    10000000   40000000    64    32   1.537162     26021980.77
      100000     400000   128     1   0.041122      9727153.35
      100000     400000   128     2   0.035187     11367834.71
      100000     400000   128     4   0.040016      9996001.60
      100000     400000   128     8   0.039848     10038144.95
      100000     400000   128    16   0.040383      9905158.11
      100000     400000   128    32   0.041111      9729756.03
     1000000    4000000   128     1   1.134376      3526167.69
     1000000    4000000   128     2   0.593739      6736966.92
     1000000    4000000   128     4   0.415732      9621583.14
     1000000    4000000   128     8   0.369301     10831273.13
     1000000    4000000   128    16   0.353198     11325092.44
     1000000    4000000   128    32   0.466898      8567181.70
    10000000   40000000   128     1  15.782093      2534518.08
    10000000   40000000   128     2   7.973609      5016548.97
    10000000   40000000   128     4   4.213172      9494034.42
    10000000   40000000   128     8   2.434210     16432435.99
    10000000   40000000   128    16   1.632392     24503918.18
    10000000   40000000   128    32   1.463084     27339510.24
