############################################################
# Benchmark Host: moxie
# Number Of Processors: 32
#
# Number Of Scheduled Runs: 3
# Start Time: 01/17/2008 - 05:01:29
############################################################
#
# Run: 1
#

# ===========================================================================
# [Run: 1] (Timings[COLS 4/8]: Seconds)
#   VERTICES      EDGES PROC     BFS[KGraph]       EDGES/Sec
# ===========================================================================

      100000     400000    1        0.049127      8142162.15
      100000     400000    2        0.026249     15238675.76
      100000     400000    4        0.017251     23187061.62
      100000     400000    8        0.014875     26890756.30
      100000     400000   16        0.020616     19402405.90
      100000     400000   32        0.037376     10702054.79
     1000000    4000000    1        1.145881      3490763.88
     1000000    4000000    2        0.577085      6931387.92
     1000000    4000000    4        0.299143     13371531.34
     1000000    4000000    8        0.169796     23557680.98
     1000000    4000000   16        0.112681     35498442.51
     1000000    4000000   32        0.121596     32895818.94
    10000000   40000000    1       20.412608      1959573.22
    10000000   40000000    2        9.905277      4038251.53
    10000000   40000000    4        5.034349      7945416.58
    10000000   40000000    8        2.673964     14959064.52
    10000000   40000000   16        1.530049     26142953.59
    10000000   40000000   32        1.203618     33233135.43

# ===========================================================================
# [Run: 2] (Timings[COLS 4/8]: Seconds)
#   VERTICES      EDGES PROC     BFS[KGraph]       EDGES/Sec
# ===========================================================================

      100000     300000    1        0.048833      6143386.64
      100000     400000    1        0.050925      7854688.27
      100000     300000    2        0.024626     12182246.41
      100000     400000    2        0.026423     15138326.46
      100000     300000    4        0.017057     17588087.00
      100000     400000    4        0.017134     23345395.12
      100000     300000    8        0.017369     17272151.53
      100000     400000    8        0.015498     25809781.91
      100000     300000   16        0.025951     11560248.16
      100000     400000   16        0.020701     19322738.03
      100000     300000   32        0.046976      6386239.78
      100000     400000   32        0.037463     10677201.51
     1000000    3000000    1        1.034191      2900818.13
     1000000    4000000    1        1.142218      3501958.47
     1000000    3000000    2        0.522991      5736236.38
     1000000    4000000    2        0.577883      6921816.35
     1000000    3000000    4        0.275567     10886644.63
     1000000    4000000    4        0.291807     13707690.36
     1000000    3000000    8        0.166624     18004609.18
     1000000    4000000    8        0.167335     23904144.38
     1000000    3000000   16        0.112152     26749411.51
     1000000    4000000   16        0.112777     35468224.90
     1000000    3000000   32        0.126293     23754285.67
     1000000    4000000   32        0.115788     34545894.22
    10000000   30000000    1       17.773562      1687900.26
    10000000   40000000    1       20.458453      1955182.05
    10000000   30000000    2        8.888561      3375124.50
