############################################################
# Benchmark Host: altair
# Number Of Processors: 8
#
# Number Of Scheduled Runs: 3
# Start Time: 01/18/2008 - 02:57:30
############################################################
#
# Run: 1
#
# =================================================================
#   VERTICES      EDGES PROC  TIME(Sec)       EDGES/Sec [Run: 1]
# =================================================================
      100000     300000    1   0.150943      1987504.48
      100000     300000    2   0.102134      2937327.99
      100000     300000    4   0.060099      4991766.83
      100000     300000    8   0.052981      5662442.44
     1000000    3000000    1   2.373096      1264171.12
     1000000    3000000    2   1.704062      1760499.62
     1000000    3000000    4   1.112348      2696998.40
     1000000    3000000    8   0.994307      3017175.94
    10000000   30000000    1  47.029171       637901.95
    10000000   30000000    2  29.310209      1023534.16
    10000000   30000000    4  22.032372      1361632.76
    10000000   30000000    8  11.606849      2584680.89
      100000     400000    1   0.179155      2232706.54
      100000     400000    2   0.100934      3962997.65
      100000     400000    4   0.075173      5321064.59
      100000     400000    8   0.061341      6520899.78
     1000000    4000000    1   3.275028      1221363.61
     1000000    4000000    2   1.612312      2480910.15
     1000000    4000000    4   1.126078      3552151.53
     1000000    4000000    8   0.957375      4178092.79
    10000000   40000000    1  49.864520       802173.57
    10000000   40000000    2  37.037556      1079984.86
    10000000   40000000    4  20.691803      1933132.65
# =================================================================
#   VERTICES      EDGES PROC  TIME(Sec)       EDGES/Sec [Run: 2]
# =================================================================
      100000     300000    1   0.167103      1795297.69
      100000     300000    2   0.092005      3260675.41
      100000     300000    4   0.055389      5416214.02
      100000     300000    8   0.063253      4742841.55
     1000000    3000000    1   2.460614      1219208.09
     1000000    3000000    2   1.660025      1807201.37
     1000000    3000000    4   1.068937      2806527.22
     1000000    3000000    8   1.252599      2395020.02
    10000000   30000000    1  59.561391       503681.99
    10000000   30000000    2  34.747417       863373.52
    10000000   30000000    4  21.767693      1378189.22
    10000000   30000000    8  12.156934      2467727.53
      100000     400000    1   0.151491      2640419.65
      100000     400000    2   0.103886      3850371.00
      100000     400000    4   0.079031      5061290.97
      100000     400000    8   0.063738      6275712.38
     1000000    4000000    1   2.782397      1437609.23
     1000000    4000000    2   1.657510      2413257.80
     1000000    4000000    4   1.159992      3448298.32
     1000000    4000000    8   1.028772      3888129.56
    10000000   40000000    1  45.482051       879467.81
    10000000   40000000    2  32.521918      1229939.77
    10000000   40000000    4  18.331244      2182066.85
    10000000   40000000    8  12.774277      3131292.59
# =================================================================
#   VERTICES      EDGES PROC  TIME(Sec)       EDGES/Sec [Run: 3]
# =================================================================
      100000     300000    1   0.149462      2007192.74
      100000     300000    2   0.095443      3143233.31
      100000     300000    4   0.070099      4279690.07
      100000     300000    8   0.061786      4855432.18
     1000000    3000000    1   2.749072      1091277.51
     1000000    3000000    2   1.697496      1767309.48
     1000000    3000000    4   1.095462      2738571.52
     1000000    3000000    8   0.881849      3401941.51
    10000000   30000000    1  46.303003       647906.14
    10000000   30000000    2  31.043928       966372.56
    10000000   30000000    4  22.740981      1319204.33
      100000     400000    1   0.160063      2499010.84
      100000     400000    2   0.086540      4622129.85
      100000     400000    4   0.064007      6249314.24
      100000     400000    8   0.064565      6195316.36
     1000000    4000000    1   2.428838      1646878.30
     1000000    4000000    2   1.792940      2230972.16
     1000000    4000000    4   1.129957      3539956.78
     1000000    4000000    8   1.015921      3937313.21
    10000000   40000000    1  41.844649       955916.73
    10000000   40000000    2  37.022387      1080427.37
    10000000   40000000    4  22.155525      1805418.76
    10000000   40000000    8  11.898247      3361839.76
