############################################################
# Benchmark Host: moxie
# Number Of Processors: 32
#
# Number Of Scheduled Runs: 1
# Start Time: 02/18/2008 - 10:48:48
############################################################

#    VERTICS      EDGES NPROC  TIME(Sec) MEDGES/Sec   STEALS ATTEMPTS [Run: 1]

      250000    1000000     1   0.172400   5.800464        0        0
      250000    1000000     2   0.105200   9.505703       28      268
      250000    1000000     4   0.053000  18.867925       53     1385
      250000    1000000     8   0.036700  27.247956      397     8684
      250000    1000000    16   0.020300  49.261084     1682    40275
      250000    1000000    20   0.018300  54.644809     3075    40257
      250000    1000000    24   0.017300  57.803468     2348    46113
      250000    1000000    30   0.016400  60.975610     3633    70420
      250000    1000000    32   0.015700  63.694268     2537    78067

#    VERTICS      EDGES NPROC  TIME(Sec) MEDGES/Sec   STEALS ATTEMPTS [Run: 1]

     1000000    4000000     1   0.769200   5.200208        0        0
     1000000    4000000     2   0.417900   9.571668       25      375
     1000000    4000000     4   0.241100  16.590626      138     1952
     1000000    4000000     8   0.141300  28.308563      653    18226
     1000000    4000000    16   0.083600  47.846890     4039    52486
     1000000    4000000    20   0.069300  57.720058     3776    60743
     1000000    4000000    24   0.059000  67.796610     4818   172855
     1000000    4000000    30   0.054700  73.126143     5919   124032
     1000000    4000000    32   0.053500  74.766355     5126   146350

#    VERTICS      EDGES NPROC  TIME(Sec) MEDGES/Sec   STEALS ATTEMPTS [Run: 1]

     4000000   16000000     1   3.420700   4.677405        0        0
     4000000   16000000     2   1.782400   8.976661       35      242
     4000000   16000000     4   0.957700  16.706693       91     3769
     4000000   16000000     8   0.518200  30.876110     1200    16567
     4000000   16000000    16   0.311300  51.397366     2806    51635
     4000000   16000000    20   0.253100  63.216120     2712    63254
     4000000   16000000    24   0.237900  67.255149     4665    89839
     4000000   16000000    30   0.226700  70.577856     7227   166124
     4000000   16000000    32   0.202000  79.207921     8101   163965

#    VERTICS      EDGES NPROC  TIME(Sec) MEDGES/Sec   STEALS ATTEMPTS [Run: 1]

     9000000   36000000     1  12.026100   2.993489        0        0
     9000000   36000000     2   6.305400   5.709392       18      226
     9000000   36000000     4   3.321300  10.839129      100     2121
     9000000   36000000     8   1.737900  20.714656     1072    21544
     9000000   36000000    16   0.955700  37.668724     4346    64809
     9000000   36000000    20   0.780000  46.153846     3821    94170
     9000000   36000000    24   0.681600  52.816901     3200   112778
     9000000   36000000    30   0.613500  58.679707     6975   176894
     9000000   36000000    32   0.604200  59.582920    12601   219467


############################################################
# End Time: 02/18/2008 - 12:39:09
############################################################
