############################################################
# Benchmark Host: altair
# Number Of Processors: 8
#
# Number Of Scheduled Runs: 3
# Start Time: 01/11/2008 - 03:26:44
############################################################


#    VERTICS      EDGES PARTS PROCS  TIME(Sec)       EDGES/Sec [Run: 1]

       90000     360000    64     1   0.019496     18465326.22
       90000     360000    64     2   0.019592     18374846.88
       90000     360000    64     4   0.019541     18422803.34
       90000     360000    64     8   0.019584     18382352.94
      810000    3240000    64     1   0.215364     15044297.10
      810000    3240000    64     2   0.251305     12892700.11
      810000    3240000    64     4   0.249085     13007607.84
      810000    3240000    64     8   0.250658     12925978.82
     7290000   29160000    64     1   3.549995      8214096.08
     7290000   29160000    64     2   3.757237      7761022.26
     7290000   29160000    64     4   4.473922      6517771.21
     7290000   29160000    64     8   4.371148      6671016.40
       90000     360000   128     1   0.019557     18407731.25
       90000     360000   128     2   0.019853     18133279.61
       90000     360000   128     4   0.019637     18332739.22
       90000     360000   128     8   0.019663     18308498.19
      810000    3240000   128     1   0.244833     13233510.19
      810000    3240000   128     2   0.256885     12612647.68
      810000    3240000   128     4   0.268025     12088424.59
      810000    3240000   128     8   0.269172     12036913.20
     7290000   29160000   128     1   3.724924      7828347.64
     7290000   29160000   128     2   3.805262      7663072.87
     7290000   29160000   128     4   4.254196      6854409.15
     7290000   29160000   128     8   4.193651      6953368.32


#    VERTICS      EDGES PARTS PROCS  TIME(Sec)       EDGES/Sec [Run: 2]

       90000     360000    64     1   0.019516     18446402.95
       90000     360000    64     2   0.022827     15770797.74
       90000     360000    64     4   0.019585     18381414.35
       90000     360000    64     8   0.021292     16907758.78
      810000    3240000    64     1   0.214912     15075938.06
      810000    3240000    64     2   0.260562     12434660.46
      810000    3240000    64     4   0.243387     13312132.53
      810000    3240000    64     8   0.239859     13507935.91
     7290000   29160000    64     1   3.600882      8098015.99
     7290000   29160000    64     2   3.734531      7808209.38
     7290000   29160000    64     4   4.084904      7138478.65
     7290000   29160000    64     8   4.204019      6936219.84
       90000     360000   128     1   0.019549     18415264.21
       90000     360000   128     2   0.019950     18045112.78
       90000     360000   128     4   0.019598     18369221.35
       90000     360000   128     8   0.019669     18302913.21
      810000    3240000   128     1   0.237311     13652970.15
      810000    3240000   128     2   0.277979     11655556.71
      810000    3240000   128     4   0.274482     11804052.72
      810000    3240000   128     8   0.258511     12533315.80
     7290000   29160000   128     1   3.756302      7762954.10
     7290000   29160000   128     2   3.783856      7706424.35
     7290000   29160000   128     4   4.545809      6414699.78
     7290000   29160000   128     8   4.202457      6938797.95


#    VERTICS      EDGES PARTS PROCS  TIME(Sec)       EDGES/Sec [Run: 3]

       90000     360000    64     1   0.019609     18358916.82
       90000     360000    64     2   0.022134     16264570.34
       90000     360000    64     4   0.021642     16634322.15
       90000     360000    64     8   0.019620     18348623.85
      810000    3240000    64     1   0.214780     15085203.46
      810000    3240000    64     2   0.234939     13790813.79
      810000    3240000    64     4   0.246931     13121074.31
      810000    3240000    64     8   0.258379     12539718.79
     7290000   29160000    64     1   3.538530      8240710.13
     7290000   29160000    64     2   3.757860      7759735.59
     7290000   29160000    64     4   4.000503      7289083.40
     7290000   29160000    64     8   4.324028      6743712.11
       90000     360000   128     1   0.019618     18350494.44
       90000     360000   128     2   0.019978     18019821.80
       90000     360000   128     4   0.019688     18285249.90
       90000     360000   128     8   0.022940     15693112.47
      810000    3240000   128     1   0.236182     13718234.24
      810000    3240000   128     2   0.273025     11867045.14
      810000    3240000   128     4   0.279008     11612570.25
      810000    3240000   128     8   0.275041     11780061.88
     7290000   29160000   128     1   3.689563      7903375.01
     7290000   29160000   128     2   3.849973      7574079.09
     7290000   29160000   128     4   4.432004      6579416.44
     7290000   29160000   128     8   4.517971      6454224.70
