XWS
############################################################
# Benchmark Host: moxie
# Number Of Processors: 32
#
# Number Of Scheduled Runs: 1
# Start Time: 01/16/2008 - 02:51:10
############################################################
# =================================================================
#   VERTICES      EDGES PROC  TIME(Sec)       EDGES/Sec [Run: 1]
# =================================================================
      100000     400000    1   0.131659      3.04
      100000     400000    2   0.095423      4.19
      100000     400000    4   0.043316      9.23
      100000     400000    8   0.031445     12.72
      100000     400000   16   0.023670     16.90
      100000     400000   32   0.027562     14.51
     1000000    4000000    1   1.470636      2.72
     1000000    4000000    2   0.775119      5.16
     1000000    4000000    4   0.392142     10.20
     1000000    4000000    8   0.213414     18.74
     1000000    4000000   16   0.174485     22.92
     1000000    4000000   32   0.130233     30.71
    10000000   40000000    1  23.368907      1.71
    10000000   40000000    2  11.633105      3.43
    10000000   40000000    4   5.928880      6.75
    10000000   40000000    8   3.177943     12.59
    10000000   40000000   16   1.885504     21.21
    10000000   40000000   32   1.428941     27.99

