############################################################
# Benchmark Host: moxie
# Number Of Processors: 32
#
# Number Of Scheduled Runs: 1
# Start Time: 02/17/2008 - 04:52:31
############################################################

#   VERTICES      EDGES PROC Time(Secs) MEDGES/Sec [Run: 1]


      250000    1000000    1   0.142786   7.003488
      250000    1000000    2   0.126214   7.923051
      250000    1000000    4   0.173765   5.754899
      250000    1000000    8   0.301654   3.315056
      250000    1000000   16   0.567183   1.763099
      250000    1000000   20   0.713898   1.400760
      250000    1000000   24   0.842422   1.187054
      250000    1000000   30   1.058975   0.944309
      250000    1000000   32   1.112838   0.898603


     1000000    4000000    1   0.763908   5.236233
     1000000    4000000    2   0.498911   8.017462
     1000000    4000000    4   0.488089   8.195227
     1000000    4000000    8   0.696945   5.739334
     1000000    4000000   16   1.190612   3.359617
     1000000    4000000   20   1.462162   2.735675
     1000000    4000000   24   1.720952   2.324295
     1000000    4000000   30   2.151628   1.859057
     1000000    4000000   32   2.279462   1.754800


     4000000   16000000    1   3.569521   4.482394
     4000000   16000000    2   2.065489   7.746350
     4000000   16000000    4   1.541441  10.379898
     4000000   16000000    8   1.737348   9.209439
     4000000   16000000   16   2.648035   6.042216
     4000000   16000000   20   3.155196   5.071000
     4000000   16000000   24   3.671782   4.357557
     4000000   16000000   30   4.530072   3.531953
     4000000   16000000   32   4.772186   3.352761


     9000000   36000000    1   9.204146   3.911281
     9000000   36000000    2   5.844614   6.159517
     9000000   36000000    4   3.795693   9.484434
     9000000   36000000    8   3.455315  10.418732
     9000000   36000000   16   4.667375   7.713115
     9000000   36000000   20   5.269964   6.831166
     9000000   36000000   24   6.000947   5.999053
     9000000   36000000   30   7.002059   5.141345
     9000000   36000000   32   7.492930   4.804529


############################################################
# End Time: 02/17/2008 - 05:18:35
############################################################
