############################################################
# Benchmark Host: moxie
# Number Of Processors: 32
#
# Number Of Scheduled Runs: 1
# Start Time: 02/04/2008 - 05:19:26
############################################################

#    VERTICS      EDGES NPROC BATCH  TIME(Sec) MEDGES/Sec   STEALS ATTEMPTS [Run: 1]

       90000     360000     1     1   0.056900   6.326889        0        0
       90000     360000     2     1   0.028100  12.811388       13      230
       90000     360000     4     1   0.014800  24.324324       29      424
       90000     360000     8     1   0.008500  42.352941      154     1728
       90000     360000    16     1   0.007200  50.000000     6716    26872
       90000     360000    20     1   0.007500  48.000000     4030    25964
       90000     360000    24     1   0.006000  60.000000     5497    29652
       90000     360000    30     1   0.009000  40.000000     4716    54611
       90000     360000    32     1   0.007600  47.368421     3765    46317

#    VERTICS      EDGES NPROC BATCH  TIME(Sec) MEDGES/Sec   STEALS ATTEMPTS [Run: 1]

      810000    3240000     1     1   0.513500   6.309640        0        0
      810000    3240000     2     1   0.254800  12.715856        1      234
      810000    3240000     4     1   0.131800  24.582701       22     1010
      810000    3240000     8     1   0.070000  46.285714     5906    16122
      810000    3240000    16     1   0.063200  51.265823    43022   140960
      810000    3240000    20     1   0.046600  69.527897    48058   151250
      810000    3240000    24     1   0.047000  68.936170    38990   162270
      810000    3240000    30     1   0.049100  65.987780    35383   199008
      810000    3240000    32     1   0.052400  61.832061    38834   226647

#    VERTICS      EDGES NPROC BATCH  TIME(Sec) MEDGES/Sec   STEALS ATTEMPTS [Run: 1]

     4410000   17640000     1     1   2.814500   6.267543        0        0
     4410000   17640000     2     1   1.420800  12.415541        5      886
     4410000   17640000     4     1   0.711800  24.782242     1817     8406
     4410000   17640000     8     1   0.731900  24.101653   321474  1093158
     4410000   17640000    16     1   0.633900  27.827733   275024  1672670
     4410000   17640000    20     1   0.497500  35.457286   330137  1744063
     4410000   17640000    24     1   0.469100  37.603922   145415  1656053
     4410000   17640000    30     1   0.565100  31.215714   263477  2499136
     4410000   17640000    32     1   0.338600  52.096869   186015  1432025

#    VERTICS      EDGES NPROC BATCH  TIME(Sec) MEDGES/Sec   STEALS ATTEMPTS [Run: 1]

     7290000   29160000     1     1   5.040300   5.785370        0        0
     7290000   29160000     2     1   2.512000  11.608280      415     2186
     7290000   29160000     4     1   1.283000  22.727981     8936    31890
     7290000   29160000     8     1   1.209300  24.113123   870640  2626798
     7290000   29160000    16     1   1.215000  24.000000   499496  3232973
     7290000   29160000    20     1   1.372300  21.248998   591306  4858641
     7290000   29160000    24     1   1.060300  27.501650   525198  4549352
     7290000   29160000    30     1   1.293300  22.546973   491555  4554364
     7290000   29160000    32     1   0.990700  29.433734   426439  4494016


############################################################
# End Time: 02/04/2008 - 06:06:58
############################################################
