############################################################
# Benchmark Host: v20n35.pbm.ihost.com
# Number Of Processors: 16
#
# Number Of Scheduled Runs: 3
# Start Time: 02/22/2008 - 03:35:41
############################################################


#    VERTICS      EDGES PROCS  TIME(Sec) MEDGES/Sec [Run: 1]



      250000    1000000     1   0.282453   3.540412
      250000    1000000     2   0.170358   5.869991
      250000    1000000     4   0.096463  10.366669
      250000    1000000     6   0.069803  14.326032
      250000    1000000     8   0.055584  17.990789
      250000    1000000    10   0.041502  24.095224
      250000    1000000    12   0.040991  24.395599
      250000    1000000    14   0.036811  27.165793
      250000    1000000    16   0.034699  28.819274


     1000000    4000000     1   2.372532   1.685963
     1000000    4000000     2   1.120413   3.570112
     1000000    4000000     4   0.568636   7.034377
     1000000    4000000     6   0.391653  10.213122
     1000000    4000000     8   0.298731  13.389973
     1000000    4000000    10   0.253068  15.806028
     1000000    4000000    12   0.231528  17.276528
     1000000    4000000    14   0.201008  19.899705
     1000000    4000000    16   0.164083  24.377906


     4000000   16000000     1  15.687667   1.019909
     4000000   16000000     2   7.773765   2.058205
     4000000   16000000     4   4.013038   3.987004
     4000000   16000000     6   2.840232   5.633343
     4000000   16000000     8   2.050397   7.803367
     4000000   16000000    10   1.743267   9.178169
     4000000   16000000    12   1.477355  10.830166
     4000000   16000000    14   1.284152  12.459584
     4000000   16000000    16   1.099370  14.553790


     9000000   36000000     1  55.290170   0.651110
     9000000   36000000     2  27.020712   1.332311
     9000000   36000000     4  13.207935   2.725634
     9000000   36000000     6   8.719277   4.128783
     9000000   36000000     8   6.405484   5.620184
     9000000   36000000    10   5.523598   6.517491
     9000000   36000000    12   4.760863   7.561654
     9000000   36000000    14   4.147691   8.679528
     9000000   36000000    16   3.363237  10.703974


#    VERTICS      EDGES PROCS  TIME(Sec) MEDGES/Sec [Run: 2]



      250000    1000000     1   0.361097   2.769339
      250000    1000000     2   0.175689   5.691876
      250000    1000000     4   0.096197  10.395335
      250000    1000000     6   0.069020  14.488554
      250000    1000000     8   0.054650  18.298262
      250000    1000000    10   0.046851  21.344262
      250000    1000000    12   0.041634  24.018831
      250000    1000000    14   0.036478  27.413784
      250000    1000000    16   0.033411  29.930262


     1000000    4000000     1   2.386077   1.676392
     1000000    4000000     2   1.112185   3.596524
     1000000    4000000     4   0.574123   6.967148
     1000000    4000000     6   0.392433  10.192823
     1000000    4000000     8   0.308015  12.986381
     1000000    4000000    10   0.261437  15.300053
     1000000    4000000    12   0.223661  17.884209
     1000000    4000000    14   0.199944  20.005602
     1000000    4000000    16   0.164942  24.250949


     4000000   16000000     1  15.637183   1.023202
     4000000   16000000     2   7.932951   2.016904
     4000000   16000000     4   3.964227   4.036096
     4000000   16000000     6   2.719104   5.884291
     4000000   16000000     8   2.029959   7.881933
     4000000   16000000    10   1.708874   9.362890
     4000000   16000000    12   1.503625  10.640951
     4000000   16000000    14   1.275328  12.545792
     4000000   16000000    16   1.087666  14.710398


     9000000   36000000     1  55.514677   0.648477
     9000000   36000000     2  26.839923   1.341286
     9000000   36000000     4  13.308978   2.704941
     9000000   36000000     6   8.693488   4.141031
     9000000   36000000     8   6.588050   5.464439
     9000000   36000000    10   5.746649   6.264520
     9000000   36000000    12   4.748711   7.581005
     9000000   36000000    14   4.127728   8.721505
     9000000   36000000    16   3.399960  10.588360


#    VERTICS      EDGES PROCS  TIME(Sec) MEDGES/Sec [Run: 3]



      250000    1000000     1   0.326867   3.059348
      250000    1000000     2   0.178787   5.593248
      250000    1000000     4   0.103638   9.648970
      250000    1000000     6   0.070382  14.208178
      250000    1000000     8   0.056997  17.544783
      250000    1000000    10   0.042216  23.687701
      250000    1000000    12   0.041869  23.884019
      250000    1000000    14   0.033111  30.201444
      250000    1000000    16   0.033956  29.449876


     1000000    4000000     1   2.382206   1.679116
     1000000    4000000     2   1.109723   3.604503
     1000000    4000000     4   0.568310   7.038412
     1000000    4000000     6   0.389955  10.257594
     1000000    4000000     8   0.302263  13.233509
     1000000    4000000    10   0.261191  15.314463
     1000000    4000000    12   0.222717  17.960012
     1000000    4000000    14   0.222396  17.985935
     1000000    4000000    16   0.185471  21.566714


     4000000   16000000     1  15.861201   1.008751
     4000000   16000000     2   9.030405   1.771792
     4000000   16000000     4   3.996020   4.003984
     4000000   16000000     6   2.702034   5.921465
     4000000   16000000     8   2.012492   7.950342
     4000000   16000000    10   1.724622   9.277395
     4000000   16000000    12   1.514958  10.561349
     4000000   16000000    14   1.306153  12.249713
     4000000   16000000    16   1.062230  15.062651


     9000000   36000000     1  55.414459   0.649650
     9000000   36000000     2  27.459912   1.311002
     9000000   36000000     4  13.120714   2.743753
     9000000   36000000     6   8.670295   4.152108
     9000000   36000000     8   6.711975   5.363548
     9000000   36000000    10   5.533753   6.505531
     9000000   36000000    12   4.806068   7.490531
     9000000   36000000    14   4.192389   8.586989
     9000000   36000000    16   3.411891  10.551334


############################################################
# End Time: 02/22/2008 - 04:23:22
############################################################
