############################################################
# Benchmark Host: r28n01.pbm.ihost.com
# Number Of Processors: 64
# Usable Physical Memory: 513792 MBytes
# SMT Enabled: false
# SMT Threads: 2
#
# Number Of Scheduled Runs: 3
# Start Time: 01/11/2008 - 03:29:07
############################################################


#    VERTICS      EDGES PARTS PROCS  TIME(Sec)       EDGES/Sec [Run: 1]

      100000     400000    64     1   0.017104     23386342.38
      100000     400000    64     2   0.013625     29357798.17
      100000     400000    64     4   0.009672     41356492.97
      100000     400000    64     8   0.006134     65210303.23
      100000     400000    64    16   0.004991     80144259.67
      100000     400000    64    32   0.006233     64174554.79
      100000     400000    64    64   0.008187     48857945.52
     1000000    4000000    64     1   0.579240      6905600.44
     1000000    4000000    64     2   0.295944     13516070.61
     1000000    4000000    64     4   0.159774     25035362.45
     1000000    4000000    64     8   0.083256     48044585.38
     1000000    4000000    64    16   0.044414     90061692.26
     1000000    4000000    64    32   0.032633    122575307.20
     1000000    4000000    64    64   0.037919    105488013.92
    10000000   40000000    64     1  12.911471      3098020.36
    10000000   40000000    64     2   6.513641      6140958.64
    10000000   40000000    64     4   2.997255     13345544.51
    10000000   40000000    64     8   1.465146     27301033.48
    10000000   40000000    64    16   0.727905     54952225.91
    10000000   40000000    64    32   0.349068    114590853.36
    10000000   40000000    64    64   0.272135    146985870.98
      100000     400000   128     1   0.023727     16858431.32
      100000     400000   128     2   0.017144     23331777.88
      100000     400000   128     4   0.009675     41343669.25
      100000     400000   128     8   0.006044     66181336.86
      100000     400000   128    16   0.004681     85451826.53
      100000     400000   128    32   0.009094     43985045.08
      100000     400000   128    64   0.007295     54832076.76
     1000000    4000000   128     1   0.567749      7045366.88
     1000000    4000000   128     2   0.294853     13566082.08
     1000000    4000000   128     4   0.158415     25250134.14
     1000000    4000000   128     8   0.081806     48896168.99
     1000000    4000000   128    16   0.045645     87632818.49
     1000000    4000000   128    32   0.030194    132476650.99
     1000000    4000000   128    64   0.037152    107665805.34
    10000000   40000000   128     1  13.222157      3025225.01
    10000000   40000000   128     2   6.422219      6228376.83
    10000000   40000000   128     4   2.961106     13508466.09
    10000000   40000000   128     8   1.460021     27396866.21
    10000000   40000000   128    16   0.727463     54985614.39
    10000000   40000000   128    32   0.351644    113751407.67
    10000000   40000000   128    64   0.263390    151866054.14


#    VERTICS      EDGES PARTS PROCS  TIME(Sec)       EDGES/Sec [Run: 2]

      100000     400000    64     1   0.023662     16904741.78
      100000     400000    64     2   0.018126     22067747.99
      100000     400000    64     4   0.009273     43135986.20
      100000     400000    64     8   0.006284     63653723.74
      100000     400000    64    16   0.004525     88397790.06
      100000     400000    64    32   0.009722     41143797.57
      100000     400000    64    64   0.007808     51229508.20
     1000000    4000000    64     1   0.563199      7102285.34
     1000000    4000000    64     2   0.297984     13423539.52
     1000000    4000000    64     4   0.159394     25095047.49
     1000000    4000000    64     8   0.082244     48635766.74
     1000000    4000000    64    16   0.044578     89730360.27
     1000000    4000000    64    32   0.031164    128353228.08
     1000000    4000000    64    64   0.035789    111766185.14
    10000000   40000000    64     1  12.501274      3199673.89
    10000000   40000000    64     2   6.412043      6238261.35
    10000000   40000000    64     4   2.988243     13385792.25
    10000000   40000000    64     8   1.468906     27231150.26
    10000000   40000000    64    16   0.706949     56581167.81
    10000000   40000000    64    32   0.345989    115610611.90
    10000000   40000000    64    64   0.212668    188086595.07
      100000     400000   128     1   0.023540     16992353.44
      100000     400000   128     2   0.018252     21915406.53
      100000     400000   128     4   0.009313     42950714.06
      100000     400000   128     8   0.006143     65114764.77
      100000     400000   128    16   0.004326     92464170.13
      100000     400000   128    32   0.007935     50409577.82
      100000     400000   128    64   0.007755     51579626.05
     1000000    4000000   128     1   0.573630      6973135.99
     1000000    4000000   128     2   0.300214     13323829.00
     1000000    4000000   128     4   0.156668     25531697.60
     1000000    4000000   128     8   0.082778     48322017.93
     1000000    4000000   128    16   0.044053     90799718.52
     1000000    4000000   128    32   0.032073    124715492.78
     1000000    4000000   128    64   0.031776    125881168.18
    10000000   40000000   128     1  12.242579      3267285.43
    10000000   40000000   128     2   6.353499      6295743.50
    10000000   40000000   128     4   2.981263     13417132.27
    10000000   40000000   128     8   1.470683     27198247.34
    10000000   40000000   128    16   0.723686     55272590.60
    10000000   40000000   128    32   0.351242    113881597.30
    10000000   40000000   128    64   0.210218    190278663.10


#    VERTICS      EDGES PARTS PROCS  TIME(Sec)       EDGES/Sec [Run: 3]

      100000     400000    64     1   0.024241     16500969.43
      100000     400000    64     2   0.017208     23245002.32
      100000     400000    64     4   0.009655     41429311.24
      100000     400000    64     8   0.006223     64277679.58
      100000     400000    64    16   0.004948     80840743.73
      100000     400000    64    32   0.007340     54495912.81
      100000     400000    64    64   0.007377     54222583.71
     1000000    4000000    64     1   0.564004      7092148.28
     1000000    4000000    64     2   0.303532     13178182.20
     1000000    4000000    64     4   0.158601     25220521.94
     1000000    4000000    64     8   0.082045     48753732.71
     1000000    4000000    64    16   0.046336     86325966.85
     1000000    4000000    64    32   0.032781    122021902.93
     1000000    4000000    64    64   0.033116    120787534.73
    10000000   40000000    64     1  13.214933      3026878.76
    10000000   40000000    64     2   5.937540      6736796.72
    10000000   40000000    64     4   3.005268     13309961.04
    10000000   40000000    64     8   1.460331     27391050.39
    10000000   40000000    64    16   0.724751     55191369.17
    10000000   40000000    64    32   0.344153    116227375.61
    10000000   40000000    64    64   0.275257    145318738.49
      100000     400000   128     1   0.025344     15782828.28
      100000     400000   128     2   0.016687     23970755.68
      100000     400000   128     4   0.010411     38420900.97
      100000     400000   128     8   0.006187     64651689.03
      100000     400000   128    16   0.004667     85708163.70
      100000     400000   128    32   0.007657     52239780.59
      100000     400000   128    64   0.007953     50295485.98
     1000000    4000000   128     1   0.563926      7093129.24
     1000000    4000000   128     2   0.296109     13508539.09
     1000000    4000000   128     4   0.156884     25496545.22
     1000000    4000000   128     8   0.082641     48402124.85
     1000000    4000000   128    16   0.044643     89599713.28
     1000000    4000000   128    32   0.029735    134521607.53
     1000000    4000000   128    64   0.032907    121554684.41
    10000000   40000000   128     1  13.164924      3038376.83
    10000000   40000000   128     2   5.919985      6756773.88
    10000000   40000000   128     4   3.043833     13141325.43
    10000000   40000000   128     8   1.446151     27659628.90
    10000000   40000000   128    16   0.722339     55375661.57
    10000000   40000000   128    32   0.346883    115312655.85
    10000000   40000000   128    64   0.222450    179815688.92
