SpanT
# ===========================================================================
# [Run: 2] (Timings[COLS 4/8]: Seconds)
#   VERTICES      EDGES PROC      BFS[Torus]       EDGES/Sec
# ===========================================================================

       90000     360000    1        0.046634      7719689.50
       90000     360000    2        0.048864      7367387.03
       90000     360000    4        0.088331      4075579.35
       90000     360000    8        0.167149      2153767.00
       90000     360000   16        0.326591      1102296.14
       90000     360000   32        0.685916       524845.61
      810000    3240000    1        0.597858      5419347.07
      810000    3240000    2        0.399070      8118876.39
      810000    3240000    4        0.402043      8058839.48
      810000    3240000    8        0.603552      5368220.14
      810000    3240000   16        1.050104      3085408.68
      810000    3240000   32        2.009998      1611941.90
     7290000   29160000    1        6.963797      4187370.77
     7290000   29160000    2        3.882441      7510738.73
     7290000   29160000    4        2.939652      9919541.50
     7290000   29160000    8        2.620083     11129418.42
     7290000   29160000   16        3.972312      7340813.11
     7290000   29160000   32        6.397819      4557803.21

Cilk

#    VERTICS      EDGES PARTS PROCS  TIME(Sec)       EDGES/Sec [Run: 1]

       90000     360000    64     1   0.053178      6769716.80
       90000     360000    64     2   0.054353      6623369.46
       90000     360000    64     4   0.053910      6677796.33
       90000     360000    64     8   0.053507      6728091.65
       90000     360000    64    16   0.053505      6728343.15
       90000     360000    64    32   0.054764      6573661.53
      810000    3240000    64     1   0.712674      4546258.18
      810000    3240000    64     2   0.703746      4603933.81
      810000    3240000    64     4   0.713871      4538635.13
      810000    3240000    64     8   0.712166      4549501.10
      810000    3240000    64    16   0.714065      4537402.06
      810000    3240000    64    32   0.715458      4528567.71
     7290000   29160000    64     1   7.081824      4117583.27
     7290000   29160000    64     2   6.653370      4382741.38
     7290000   29160000    64     4   6.937020      4203534.08
     7290000   29160000    64     8   6.995856      4168181.85
     7290000   29160000    64    16   7.044770      4139240.88
     7290000   29160000    64    32   7.072420      4123058.30
       90000     360000   128     1   0.049042      7340646.79
       90000     360000   128     2   0.050219      7168601.53
       90000     360000   128     4   0.051410      7002528.69
       90000     360000   128     8   0.050219      7168601.53
       90000     360000   128    16   0.049639      7252362.05
       90000     360000   128    32   0.050434      7138041.80
      810000    3240000   128     1   0.857119      3780105.21
      810000    3240000   128     2   0.838985      3861809.21
      810000    3240000   128     4   0.854589      3791296.17
      810000    3240000   128     8   0.855347      3787936.36
      810000    3240000   128    16   0.856768      3781653.84
      810000    3240000   128    32   0.856721      3781861.31
     7290000   29160000   128     1   7.863681      3708187.04
     7290000   29160000   128     2   7.372628      3955170.40
     7290000   29160000   128     4   7.688243      3792804.16
     7290000   29160000   128     8   7.755825      3759754.76
     7290000   29160000   128    16   7.768780      3753485.10
     7290000   29160000   128    32   7.821015      3728416.32

XWS Java5
############################################################
# Benchmark Host: moxie
# Number Of Processors: 32
#
# Number Of Scheduled Runs: 3
# Start Time: 01/11/2008 - 16:38:54
############################################################
# =================================================================
#   VERTICES      EDGES PROC  TIME(Sec)       EDGES/Sec [Run: 1]
# =================================================================
       90000     360000    1   0.144189      2496721.04
       90000     360000    2   0.758718       474484.86
       90000     360000    4   0.615587       584808.10
       90000     360000    8   0.266760      1349527.10
       90000     360000   16   0.508364       708154.41
       90000     360000   32   0.613658       586646.07
      810000    3240000    1   1.080881      2997554.69
      810000    3240000    2   6.007662       539311.33
      810000    3240000    4   1.320484      2453644.87
      810000    3240000    8   0.619194      5232609.32
      810000    3240000   16   0.773162      4190584.57
      810000    3240000   32   1.445579      2241316.53
     7290000   29160000    1  12.465045      2339341.81
     7290000   29160000    2  18.357675      1588436.49
     7290000   29160000    4   6.706682      4347902.61
     7290000   29160000    8   3.769855      7735044.67
     7290000   29160000   16   3.132439      9309039.25
     7290000   29160000   32   5.181100      5628148.17
# =================================================================
