############################################################
# Benchmark Host: moxie
# Number Of Processors: 32
#
# Number Of Scheduled Runs: 2
# Start Time: 01/21/2008 - 02:03:54
############################################################
#
# Run: 1
#


#    VERTICS      EDGES PARTS PROCS  TIME(Sec)       EDGES/Sec [Run: 1]

       90000     360000    64    24   0.054780      6571741.51
       90000     360000    64    30   0.054739      6576663.80
      810000    3240000    64    24   0.722557      4484075.30
      810000    3240000    64    30   0.720476      4497026.97
     7290000   29160000    64    24   7.148109      4079400.58
     7290000   29160000    64    30   7.145624      4080819.25
       90000     360000   128    24   0.051834      6945248.29
       90000     360000   128    30   0.051054      7051357.39
      810000    3240000   128    24   0.862520      3756434.63
      810000    3240000   128    30   0.862685      3755716.17
     7290000   29160000   128    24   7.903681      3689420.16
     7290000   29160000   128    30   7.896497      3692776.68


#    VERTICS      EDGES PARTS PROCS  TIME(Sec)       EDGES/Sec [Run: 2]

       90000     360000    64    24   0.054356      6623003.90
       90000     360000    64    30   0.056273      6397384.18
      810000    3240000    64    24   0.720566      4496465.28
      810000    3240000    64    30   0.718831      4507318.13
     7290000   29160000    64    24   7.157482      4074058.45
     7290000   29160000    64    30   7.137046      4085723.98
       90000     360000   128    24   0.051278      7020554.62
       90000     360000   128    30   0.050750      7093596.06
      810000    3240000   128    24   0.860050      3767222.84
      810000    3240000   128    30   0.862605      3756064.48
     7290000   29160000   128    24   7.888456      3696540.87
     7290000   29160000   128    30   7.954156      3666008.06
