############################################################
# Benchmark Host: moxie
# Number Of Processors: 32
#
# Number Of Scheduled Runs: 1
# Start Time: 02/18/2008 - 08:35:32
############################################################

#    VERTICS      EDGES NPROC  TIME(Sec) MEDGES/Sec   STEALS ATTEMPTS [Run: 1]

      250000    1000000     1   0.126200   7.923930        0        0
      250000    1000000     2   1.911600   0.523122      349     4052
      250000    1000000     4   0.995200   1.004823     4039    39562
      250000    1000000     8   0.078000  12.820513       53    23866
      250000    1000000    16   0.203700   4.909180     2196   116808
      250000    1000000    20   1.253300   0.797894    11349  1237412
      250000    1000000    24   1.418700   0.704871     9905  1739495
      250000    1000000    30   1.755800   0.569541    10697  2922159
      250000    1000000    32   1.781200   0.561419     9161  3029484

#    VERTICS      EDGES NPROC  TIME(Sec) MEDGES/Sec   STEALS ATTEMPTS [Run: 1]

     1000000    4000000     1   0.432000   9.259259        0        0
     1000000    4000000     2   5.126200   0.780305     1213    11574
     1000000    4000000     4   0.236100  16.941974      101     6389
     1000000    4000000     8   1.537300   2.601964    45558   501843
     1000000    4000000    16   1.138700   3.512778    52426  1609202
     1000000    4000000    20   0.158100  25.300443     1063    82189
     1000000    4000000    24   1.732100   2.309335    41865  3369025
     1000000    4000000    30   2.357500   1.696713    35487  4888361
     1000000    4000000    32   2.310100   1.731527    36908  5415809

#    VERTICS      EDGES NPROC  TIME(Sec) MEDGES/Sec   STEALS ATTEMPTS [Run: 1]

     4000000   16000000     1   1.801300   8.882474        0        0
     4000000   16000000     2  16.721800   0.956835     6036    39700
     4000000   16000000     4  10.870100   1.471928    42339   280684
     4000000   16000000     8   2.941600   5.439217   137783  1108352
     4000000   16000000    16   2.524700   6.337387   190465  3584684
     4000000   16000000    20   2.399300   6.668612   209947  5215059
     4000000   16000000    24   2.749100   5.820087   209956  7257129
     4000000   16000000    30   3.573600   4.477278   198154 10587449
     4000000   16000000    32   3.893100   4.109835   193436 11609752

#    VERTICS      EDGES NPROC  TIME(Sec) MEDGES/Sec   STEALS ATTEMPTS [Run: 1]

     9000000   36000000     1   4.939800   7.287744        0        0
     9000000   36000000     2  26.248900   1.371486     8762    60358
     9000000   36000000     4  19.970700   1.802641   100015   552811
     9000000   36000000     8   4.017000   8.961912   270421  1877539
     9000000   36000000    16   3.278700  10.979962   390664  5448758
     9000000   36000000    20   5.794300   6.213002   453530  8168823
     9000000   36000000    24   3.456500  10.415160   446882 10841910
     9000000   36000000    30   4.253200   8.464215   441650 15298706
     9000000   36000000    32   4.502300   7.995913   445668 17344517


############################################################
# End Time: 02/18/2008 - 10:47:22
############################################################
