############################################################
# XWS Random BFS
# Benchmark Host: moxie
# Number Of Processors: 32
#
# Number Of Scheduled Runs: 1
# Start Time: 01/16/2008 - 01:26:43
############################################################
# =================================================================
#   VERTICES      EDGES PROC  TIME(Sec)       EDGES/Sec [Run: 1]
# =================================================================
      100000     400000    1   0.164392      2.43
      100000     400000    2   0.134705      2.97
      100000     400000    4   0.064545      6.20
      100000     400000    8   0.050540      7.91
      100000     400000   16   0.028761     13.91
      100000     400000   32   0.043546      9.19
     1000000    4000000    1   1.933072      2.07
     1000000    4000000    2   1.016822      3.93
     1000000    4000000    4   0.625853      6.39
     1000000    4000000    8   0.361597     11.06
     1000000    4000000   16   0.248053     16.13
     1000000    4000000   32   0.184063     21.73
    10000000   40000000    1  27.762424      1.44
    10000000   40000000    2  14.992564      2.67
    10000000   40000000    4   8.589353      4.66
    10000000   40000000    8   4.798360      8.34
    10000000   40000000   16   2.990102     13.38
    10000000   40000000   32   2.215559     18.05

Cilk
############################################################
# Benchmark Host: moxie
# Number Of Processors: 32
#
# Number Of Scheduled Runs: 3
# Start Time: 01/11/2008 - 02:50:19
############################################################
#    VERTICS      EDGES PARTS PROCS  TIME(Sec)       EDGES/Sec [Run: 1]
      100000     400000    64     1   0.069210      5.78
      100000     400000    64     2   0.042182      9.49
      100000     400000    64     4   0.058812      6.80
      100000     400000    64     8   0.052845      7.57
      100000     400000    64    16   0.059149      6.76
      100000     400000    64    32   0.070147      5.70
     1000000    4000000    64     1   1.597920      2.50
     1000000    4000000    64     2   0.822684      4.86
     1000000    4000000    64     4   0.512168      7.81
     1000000    4000000    64     8   0.375936     10.64
     1000000    4000000    64    16   0.411423      9.72
     1000000    4000000    64    32   0.341757     11.70
    10000000   40000000    64     1  29.351281      1.36
    10000000   40000000    64     2  14.757709      2.71
    10000000   40000000    64     4   7.660868      5.22
    10000000   40000000    64     8   4.218956      9.48
    10000000   40000000    64    16   2.859331     13.99
    10000000   40000000    64    32   2.034399     19.66

C
############################################################
# Benchmark Host: moxie
# Number Of Processors: 32
#
# Number Of Scheduled Runs: 3
# Start Time: 01/17/2008 - 01:56:40
############################################################
#
# Run: 1
#

# ===========================================================================
# [Run: 1] (Timings[COLS 4/8]: Seconds)
#   VERTICES      EDGES PROC     BFS[Random]       EDGES/Sec
# ===========================================================================

      100000     400000    1        0.069482      5.76
      100000     400000    2        0.038167     10.48
      100000     400000    4        0.025961     15.41
      100000     400000    8        0.028065     14.25
      100000     400000   16        0.040009     10.00
      100000     400000   32        0.076075      5.26
     1000000    4000000    1        1.567207      2.55
     1000000    4000000    2        0.816091      4.90
     1000000    4000000    4        0.499152      8.01
     1000000    4000000    8        0.382772     10.45
     1000000    4000000   16        0.482691      8.29
     1000000    4000000   32        0.839666      4.76
    10000000   40000000    1       32.760290      1.22
    10000000   40000000    2       16.775158      2.38
    10000000   40000000    4        9.081795      4.40
    10000000   40000000    8        6.274498      6.37
    10000000   40000000   16        6.081281      6.58
    10000000   40000000   32        8.997060      4.45


