############################################################
# Benchmark Host: moxie
# Number Of Processors: 32
#
# Number Of Scheduled Runs: 2
# Start Time: 01/21/2008 - 00:58:35
############################################################
#
# Run: 1
#


#    VERTICS      EDGES PARTS PROCS  TIME(Sec)       EDGES/Sec [Run: 1]

      100000     400000    64    24   0.054725      7309273.64
      100000     400000    64    30   0.056519      7077266.05
     1000000    4000000    64    24   0.402072      9948466.94
     1000000    4000000    64    30   0.388020     10308746.97
    10000000   40000000    64    24   2.120889     18860015.78
    10000000   40000000    64    30   2.177133     18372786.60
      100000     400000   128    24   0.089535      4467526.67
      100000     400000   128    30   0.073356      5452860.03
     1000000    4000000   128    24   0.310852     12867859.95
     1000000    4000000   128    30   0.428343      9338310.65
    10000000   40000000   128    24   2.023354     19769155.57
    10000000   40000000   128    30   2.183997     18315043.47


#    VERTICS      EDGES PARTS PROCS  TIME(Sec)       EDGES/Sec [Run: 2]

      100000     400000    64    24   0.069145      5784944.68
      100000     400000    64    30   0.070999      5633882.17
     1000000    4000000    64    24   0.404058      9899568.87
     1000000    4000000    64    30   0.327342     12219635.73
    10000000   40000000    64    24   2.210506     18095404.40
    10000000   40000000    64    30   2.221497     18005876.22
      100000     400000   128    24   0.064488      6202704.38
      100000     400000   128    30   0.083038      4817071.70
     1000000    4000000   128    24   0.376555     10622618.21
     1000000    4000000   128    30   0.439755      9095973.89
    10000000   40000000   128    24   2.157203     18542529.38
    10000000   40000000   128    30   1.985548     20145571.90
