############################################################
# Benchmark Host: moxie
# Number Of Processors: 32
#
# Number Of Scheduled Runs: 3
# Start Time: 01/17/2008 - 01:56:40
############################################################
#
# Run: 1
#

# ===========================================================================
# [Run: 1] (Timings[COLS 4/8]: Seconds)
#   VERTICES      EDGES PROC     BFS[Random]       EDGES/Sec
# ===========================================================================

      100000     400000    1        0.069482      5756886.68
      100000     400000    2        0.038167     10480257.81
      100000     400000    4        0.025961     15407726.98
      100000     400000    8        0.028065     14252627.83
      100000     400000   16        0.040009      9997750.51
      100000     400000   32        0.076075      5257969.11
     1000000    4000000    1        1.567207      2552311.21
     1000000    4000000    2        0.816091      4901414.18
     1000000    4000000    4        0.499152      8013591.05
     1000000    4000000    8        0.382772     10450085.17
     1000000    4000000   16        0.482691      8286875.04
     1000000    4000000   32        0.839666      4763798.94
    10000000   40000000    1       32.760290      1220990.41
    10000000   40000000    2       16.775158      2384478.29
    10000000   40000000    4        9.081795      4404415.65
    10000000   40000000    8        6.274498      6375011.99
    10000000   40000000   16        6.081281      6577561.54
    10000000   40000000   32        8.997060      4445896.77

# ===========================================================================
# [Run: 2] (Timings[COLS 4/8]: Seconds)
#   VERTICES      EDGES PROC     BFS[Random]       EDGES/Sec
# ===========================================================================

      100000     400000    1        0.070007      5713714.34
      100000     400000    2        0.038367     10425626.19
      100000     400000    4        0.026556     15062509.41
      100000     400000    8        0.027454     14569825.89
      100000     400000   16        0.040946      9768964.00
      100000     400000   32        0.077323      5173105.03
     1000000    4000000    1        1.571681      2545045.72
     1000000    4000000    2        0.819976      4878191.56
     1000000    4000000    4        0.476558      8393521.88
     1000000    4000000    8        0.376288     10630155.63
     1000000    4000000   16        0.484511      8255746.52
     1000000    4000000   32        0.846764      4723866.39
    10000000   40000000    1       32.816321      1218905.68
    10000000   40000000    2       16.718039      2392625.12
    10000000   40000000    4        9.183117      4355819.49
    10000000   40000000    8        6.273134      6376398.14
    10000000   40000000   16        6.065633      6594530.20
    10000000   40000000   32        8.912952      4487850.94

# ===========================================================================
# [Run: 3] (Timings[COLS 4/8]: Seconds)
#   VERTICES      EDGES PROC     BFS[Random]       EDGES/Sec
# ===========================================================================

      100000     400000    1        0.069867      5725163.52
      100000     400000    2        0.037649     10624452.18
      100000     400000    4        0.025339     15785942.62
      100000     400000    8        0.025786     15512293.49
      100000     400000   16        0.040453      9888018.19
      100000     400000   32        0.077291      5175246.79
     1000000    4000000    1        1.588142      2518666.47
     1000000    4000000    2        0.809336      4942323.09
     1000000    4000000    4        0.478093      8366573.03
     1000000    4000000    8        0.390540     10242228.71
     1000000    4000000   16        0.478437      8360557.40
     1000000    4000000   32        0.846142      4727338.91
    10000000   40000000    1       32.856377      1217419.68
    10000000   40000000    2       16.729904      2390928.24
    10000000   40000000    4        9.120473      4385737.45
    10000000   40000000    8        6.184928      6467334.79
    10000000   40000000   16        6.029451      6634103.17
    10000000   40000000   32        8.989889      4449443.15
