############################################################
# Benchmark Host: moxie
# Number Of Processors: 32
#
# Number Of Scheduled Runs: 3
# Start Time: 01/17/2008 - 05:01:29
############################################################
#
# Run: 1
#

# ===========================================================================
# [Run: 1] (Timings[COLS 4/8]: Seconds)
#   VERTICES      EDGES PROC     DFS[KGraph]       EDGES/Sec
# ===========================================================================

      100000     300000    1        0.058296      5146150.68
      100000     400000    1        0.064759      6176747.63
      100000     300000    2        0.029432     10192987.22
      100000     400000    2        0.032973     12131137.60
      100000     300000    4        0.015730     19071837.25
      100000     400000    4        0.018274     21889022.66
      100000     300000    8        0.010117     29653059.21
      100000     400000    8        0.011460     34904013.96
      100000     300000   16        0.012426     24142926.12
      100000     400000   16        0.017338     23070711.73
      100000     300000   32        0.099728      3008182.26
      100000     400000   32        0.105447      3793374.87
     1000000    3000000    1        1.188097      2525046.36
     1000000    4000000    1        1.376147      2906666.22
     1000000    3000000    2        0.595933      5034122.96
     1000000    4000000    2        0.689093      5804731.73
     1000000    3000000    4        0.303994      9868615.83
     1000000    4000000    4        0.349198     11454819.33
     1000000    3000000    8        0.167722     17886741.16
     1000000    4000000    8        0.187768     21302884.41
     1000000    3000000   16        0.103739     28918728.73
     1000000    4000000   16        0.124308     32178138.17
     1000000    3000000   32        0.120691     24856865.88
     1000000    4000000   32        0.148952     26854288.63
    10000000   30000000    1       18.196685      1648651.94
    10000000   40000000    1       21.765384      1837780.58
    10000000   30000000    2        9.993007      3002099.37
    10000000   40000000    2       11.536693      3467198.10
    10000000   30000000    4        4.938599      6074597.27
    10000000   40000000    4        6.004271      6661924.49
    10000000   30000000    8        2.626540     11421870.60
    10000000   40000000    8        2.998925     13338112.82
    10000000   30000000   16        1.449478     20697106.13
    10000000   40000000   16        1.735988     23041633.93
    10000000   30000000   32        1.068505     28076611.71
    10000000   40000000   32        1.223623     32689807.24

# ===========================================================================
# [Run: 2] (Timings[COLS 4/8]: Seconds)
#   VERTICES      EDGES PROC     DFS[KGraph]       EDGES/Sec
# ===========================================================================

      100000     300000    1        0.061071      4912315.17
      100000     400000    1        0.065353      6120606.55
      100000     300000    2        0.029615     10130001.69
      100000     400000    2        0.032866     12170632.26
      100000     300000    4        0.015602     19228304.06
      100000     400000    4        0.018067     22139812.92
      100000     300000    8        0.010615     28261893.55
      100000     400000    8        0.011990     33361134.28
      100000     300000   16        0.012324     24342745.86
      100000     400000   16        0.016753     23876320.66
      100000     300000   32        0.099403      3018017.56
      100000     400000   32        0.105306      3798454.03
     1000000    3000000    1        1.188947      2523241.15
     1000000    4000000    1        1.378327      2902068.96
     1000000    3000000    2        0.597393      5021819.81
     1000000    4000000    2        0.690281      5794741.56
     1000000    3000000    4        0.301817      9939797.96
     1000000    4000000    4        0.347603     11507380.55
     1000000    3000000    8        0.172330     17408460.51
     1000000    4000000    8        0.187659     21315257.99
     1000000    3000000   16        0.105890     28331287.18
     1000000    4000000   16        0.119130     33576764.88
     1000000    3000000   32        0.118566     25302363.24
     1000000    4000000   32        0.149355     26781828.53
    10000000   30000000    1       18.221710      1646387.74
    10000000   40000000    1       21.810135      1834009.74
    10000000   30000000    2        9.990009      3003000.30
