############################################################
# Benchmark Host: v20n33.pbm.ihost.com
# Number Of Processors: 16
#
# Number Of Scheduled Runs: 3
# Start Time: 02/22/2008 - 03:04:46
############################################################

#    VERTICS      EDGES PROC Time(Secs) MEDGES/Sec [Run: 1]


      250000    1000000    1   0.065915  15.171054
      250000    1000000    2   0.037203  26.879553
      250000    1000000    4   0.021734  46.010859
      250000    1000000    6   0.016553  60.412010
      250000    1000000    8   0.013408  74.582339
      250000    1000000   10   0.012020  83.194676
      250000    1000000   12   0.010713  93.344535
      250000    1000000   14   0.009986 100.140196
      250000    1000000   16   0.012421  80.508816


     1000000    4000000    1   0.582750   6.864007
     1000000    4000000    2   0.290081  13.789252
     1000000    4000000    4   0.147145  27.184070
     1000000    4000000    6   0.097628  40.971852
     1000000    4000000    8   0.071277  56.119085
     1000000    4000000   10   0.065722  60.862420
     1000000    4000000   12   0.052689  75.917174
     1000000    4000000   14   0.045965  87.022735
     1000000    4000000   16   0.042595  93.907736


     4000000   16000000    1   3.712392   4.309890
     4000000   16000000    2   1.824167   8.771127
     4000000   16000000    4   0.898718  17.803137
     4000000   16000000    6   0.576235  27.766449
     4000000   16000000    8   0.444297  36.011947
     4000000   16000000   10   0.371571  43.060411
     4000000   16000000   12   0.310942  51.456542
     4000000   16000000   14   0.260265  61.475804
     4000000   16000000   16   0.236992  67.512827


     9000000   36000000    1  10.885285   3.307217
     9000000   36000000    2   5.091767   7.070237
     9000000   36000000    4   2.420393  14.873618
     9000000   36000000    6   1.715545  20.984585
     9000000   36000000    8   1.296481  27.767472
     9000000   36000000   10   0.948453  37.956546
     9000000   36000000   12   0.933800  38.552152
     9000000   36000000   14   0.773494  46.542055
     9000000   36000000   16   0.653301  55.104768

#    VERTICS      EDGES PROC Time(Secs) MEDGES/Sec [Run: 2]


      250000    1000000    1   0.076899  13.004070
      250000    1000000    2   0.039797  25.127522
      250000    1000000    4   0.022748  43.959909
      250000    1000000    6   0.016298  61.357222
      250000    1000000    8   0.013395  74.654722
      250000    1000000   10   0.012101  82.637799
      250000    1000000   12   0.010720  93.283582
      250000    1000000   14   0.010089  99.117851
      250000    1000000   16   0.012512  79.923274


     1000000    4000000    1   0.583973   6.849632
     1000000    4000000    2   0.295142  13.552798
     1000000    4000000    4   0.149351  26.782546
     1000000    4000000    6   0.097395  41.069870
     1000000    4000000    8   0.072972  54.815546
     1000000    4000000   10   0.064110  62.392762
     1000000    4000000   12   0.052810  75.743230
     1000000    4000000   14   0.045667  87.590602
     1000000    4000000   16   0.042544  94.020308


     4000000   16000000    1   3.743271   4.274337
     4000000   16000000    2   1.826880   8.758101
     4000000   16000000    4   0.911510  17.553291
     4000000   16000000    6   0.585663  27.319465
     4000000   16000000    8   0.442030  36.196638
     4000000   16000000   10   0.370236  43.215679
     4000000   16000000   12   0.312525  51.195904
     4000000   16000000   14   0.259319  61.700068
     4000000   16000000   16   0.234017  68.371101


     9000000   36000000    1  10.504658   3.427051
     9000000   36000000    2   5.044470   7.136528
     9000000   36000000    4   2.569780  14.008981
     9000000   36000000    6   1.722869  20.895379
     9000000   36000000    8   1.289713  27.913187
     9000000   36000000   10   1.034362  34.804063
     9000000   36000000   12   0.929560  38.728000
     9000000   36000000   14   0.779961  46.156154
     9000000   36000000   16   0.653481  55.089589

#    VERTICS      EDGES PROC Time(Secs) MEDGES/Sec [Run: 3]


      250000    1000000    1   0.075437  13.256094
      250000    1000000    2   0.039320  25.432350
      250000    1000000    4   0.022229  44.986279
      250000    1000000    6   0.016446  60.805059
      250000    1000000    8   0.013406  74.593466
      250000    1000000   10   0.012030  83.125520
      250000    1000000   12   0.010720  93.283582
      250000    1000000   14   0.010096  99.049128
      250000    1000000   16   0.009598 104.188373


     1000000    4000000    1   0.585024   6.837326
     1000000    4000000    2   0.289444  13.819599
     1000000    4000000    4   0.149399  26.773941
     1000000    4000000    6   0.100683  39.728653
     1000000    4000000    8   0.070383  56.831905
     1000000    4000000   10   0.063959  62.540065
     1000000    4000000   12   0.053641  74.569825
     1000000    4000000   14   0.045366  88.171759
     1000000    4000000   16   0.042693  93.692174


     4000000   16000000    1   3.913098   4.088832
     4000000   16000000    2   1.830395   8.741283
     4000000   16000000    4   0.900445  17.768992
     4000000   16000000    6   0.585742  27.315781
     4000000   16000000    8   0.442810  36.132879
     4000000   16000000   10   0.369176  43.339762
     4000000   16000000   12   0.312323  51.229016
     4000000   16000000   14   0.266609  60.012978
     4000000   16000000   16   0.234200  68.317677


     9000000   36000000    1  11.444611   3.145585
     9000000   36000000    2   5.246906   6.861186
     9000000   36000000    4   2.399386  15.003838
     9000000   36000000    6   1.733222  20.770565
     9000000   36000000    8   1.286079  27.992060
     9000000   36000000   10   0.993332  36.241659
     9000000   36000000   12   0.930137  38.703976
     9000000   36000000   14   0.774005  46.511327
     9000000   36000000   16   0.654151  55.033165


############################################################
# End Time: 02/22/2008 - 06:11:08
############################################################
