# =====================================
#   VERTICES      EDGES PROC  EDGES/Sec 
# =====================================
       90000     360000    1  12.97
       90000     360000    2  25.43
       90000     360000    4  34.72
       90000     360000    8  29.42
      810000    3240000    1  12.92
      810000    3240000    2  20.37
      810000    3240000    4  22.35
      810000    3240000    8  23.64
     7290000   29160000    1  10.01
     7290000   29160000    2  20.98
     7290000   29160000    4  22.10
     7290000   29160000    8  25.40

