############################################################
# Benchmark Host: moxie
# Number Of Processors: 32
#
# Number Of Scheduled Runs: 3
# Start Time: 01/11/2008 - 02:50:19
############################################################


#    VERTICS      EDGES PARTS PROCS  TIME(Sec)       EDGES/Sec [Run: 1]

      100000     400000    64     1   0.069210      5779511.63
      100000     400000    64     2   0.042182      9482717.75
      100000     400000    64     4   0.058812      6801333.06
      100000     400000    64     8   0.052845      7569306.46
      100000     400000    64    16   0.059149      6762582.63
      100000     400000    64    32   0.070147      5702310.86
     1000000    4000000    64     1   1.597920      2503254.23
     1000000    4000000    64     2   0.822684      4862134.19
     1000000    4000000    64     4   0.512168      7809937.36
     1000000    4000000    64     8   0.375936     10640108.95
     1000000    4000000    64    16   0.411423      9722353.88
     1000000    4000000    64    32   0.341757     11704222.59
    10000000   40000000    64     1  29.351281      1362802.53
    10000000   40000000    64     2  14.757709      2710447.81
    10000000   40000000    64     4   7.660868      5221340.45
    10000000   40000000    64     8   4.218956      9481018.53
    10000000   40000000    64    16   2.859331     13989286.31
    10000000   40000000    64    32   2.034399     19661826.42
      100000     400000   128     1   0.071492      5595031.61
      100000     400000   128     2   0.047849      8359631.34
      100000     400000   128     4   0.065736      6084945.84
      100000     400000   128     8   0.058229      6869429.32
      100000     400000   128    16   0.055020      7270083.61
      100000     400000   128    32   0.071998      5555709.88
     1000000    4000000   128     1   1.616566      2474380.88
     1000000    4000000   128     2   0.823992      4854416.06
     1000000    4000000   128     4   0.500084      7998656.23
     1000000    4000000   128     8   0.358340     11162583.02
     1000000    4000000   128    16   0.357708     11182305.12
     1000000    4000000   128    32   0.395852     10104786.64
    10000000   40000000   128     1  29.372017      1361840.42
    10000000   40000000   128     2  14.752812      2711347.50
    10000000   40000000   128     4   7.665803      5217979.12
    10000000   40000000   128     8   4.294463      9314319.39
    10000000   40000000   128    16   2.676733     14943589.82
    10000000   40000000   128    32   1.954756     20462912.00


#    VERTICS      EDGES PARTS PROCS  TIME(Sec)       EDGES/Sec [Run: 2]

      100000     400000    64     1   0.070376      5683755.83
      100000     400000    64     2   0.048463      8253719.33
      100000     400000    64     4   0.055671      7185069.43
      100000     400000    64     8   0.057667      6936376.09
      100000     400000    64    16   0.055558      7199683.21
      100000     400000    64    32   0.070714      5656588.51
     1000000    4000000    64     1   1.597598      2503758.77
     1000000    4000000    64     2   0.814565      4910596.45
     1000000    4000000    64     4   0.462588      8647003.38
     1000000    4000000    64     8   0.377420     10598272.48
     1000000    4000000    64    16   0.402674      9933593.92
     1000000    4000000    64    32   0.357994     11173371.62
    10000000   40000000    64     1  29.348837      1362916.02
    10000000   40000000    64     2  14.751412      2711604.83
    10000000   40000000    64     4   7.669653      5215359.81
    10000000   40000000    64     8   4.430516      9028293.77
    10000000   40000000    64    16   2.811853     14225494.72
    10000000   40000000    64    32   2.111223     18946364.26
      100000     400000   128     1   0.071642      5583317.05
      100000     400000   128     2   0.045397      8811154.92
      100000     400000   128     4   0.064321      6218808.79
      100000     400000   128     8   0.051224      7808839.61
      100000     400000   128    16   0.062485      6401536.37
      100000     400000   128    32   0.073196      5464779.50
     1000000    4000000   128     1   1.617642      2472735.01
     1000000    4000000   128     2   0.831126      4812748.01
     1000000    4000000   128     4   0.513797      7785175.86
     1000000    4000000   128     8   0.355724     11244672.84
     1000000    4000000   128    16   0.355535     11250650.43
     1000000    4000000   128    32   0.363903     10991940.16
    10000000   40000000   128     1  29.377364      1361592.55
    10000000   40000000   128     2  14.794911      2703632.35
    10000000   40000000   128     4   7.640583      5235202.60
    10000000   40000000   128     8   4.231305      9453348.32
    10000000   40000000   128    16   2.651371     15086534.48
    10000000   40000000   128    32   1.916815     20867950.22


#    VERTICS      EDGES PARTS PROCS  TIME(Sec)       EDGES/Sec [Run: 3]

      100000     400000    64     1   0.069804      5730330.64
      100000     400000    64     2   0.045356      8819119.85
      100000     400000    64     4   0.063974      6252540.09
      100000     400000    64     8   0.062741      6375416.39
      100000     400000    64    16   0.060538      6607420.13
      100000     400000    64    32   0.071104      5625562.56
     1000000    4000000    64     1   1.595293      2507376.39
     1000000    4000000    64     2   0.819971      4878221.30
     1000000    4000000    64     4   0.528701      7565712.95
     1000000    4000000    64     8   0.420864      9504257.91
     1000000    4000000    64    16   0.379954     10527590.18
     1000000    4000000    64    32   0.383289     10435989.55
    10000000   40000000    64     1  29.349377      1362890.94
    10000000   40000000    64     2  14.736512      2714346.52
    10000000   40000000    64     4   7.721354      5180438.56
    10000000   40000000    64     8   4.222224      9473680.22
    10000000   40000000    64    16   2.712853     14744624.94
    10000000   40000000    64    32   2.103993     19011470.10
      100000     400000   128     1   0.071363      5605145.52
      100000     400000   128     2   0.049202      8129750.82
      100000     400000   128     4   0.070032      5711674.66
      100000     400000   128     8   0.053258      7510608.73
      100000     400000   128    16   0.055133      7255182.92
      100000     400000   128    32   0.072462      5520134.69
     1000000    4000000   128     1   1.617477      2472987.25
     1000000    4000000   128     2   0.829228      4823763.79
     1000000    4000000   128     4   0.492443      8122767.51
     1000000    4000000   128     8   0.463187      8635820.95
     1000000    4000000   128    16   0.389386     10272582.99
     1000000    4000000   128    32   0.326357     12256516.64
    10000000   40000000   128     1  29.377178      1361601.17
    10000000   40000000   128     2  14.753390      2711241.28
    10000000   40000000   128     4   7.621185      5248527.62
    10000000   40000000   128     8   4.241759      9430050.13
    10000000   40000000   128    16   2.594035     15419992.41
    10000000   40000000   128    32   1.896999     21085936.26
