############################################################
# Benchmark Host: altair
# Number Of Processors: 8
#
# Number Of Scheduled Runs: 1
# Start Time: 01/16/2008 - 02:05:25
############################################################
# =================================================================
#   VERTICES      EDGES PROC  TIME(Sec)       EDGES/Sec [Run: 1]
# =================================================================
      100000     300000    1   0.066754      4494131.36
      100000     300000    2   0.056106      5346990.55
      100000     300000    4   0.049860      6016891.82
      100000     300000    8   0.023812     12598598.20
     1000000    3000000    1   0.831962      3605932.48
     1000000    3000000    2   0.501228      5985305.82
     1000000    3000000    4   0.304136      9864002.82
     1000000    3000000    8   0.223363     13431070.88
    10000000   30000000    1   9.562672      3137198.62
    10000000   30000000    2   5.037215      5955672.18
    10000000   30000000    4   2.615809     11468727.36
    10000000   30000000    8   1.773987     16911064.29
      100000     400000    1   0.071290      5610915.42
      100000     400000    2   0.056168      7121440.17
      100000     400000    4   0.035009     11425696.72
      100000     400000    8   0.023563     16975884.53
     1000000    4000000    1   0.832418      4805276.51
     1000000    4000000    2   0.453518      8819929.72
     1000000    4000000    4   0.279478     14312395.61
     1000000    4000000    8   0.216544     18471974.87
    10000000   40000000    1   9.968945      4012460.78
    10000000   40000000    2   4.838647      8266774.30
    10000000   40000000    4   2.634519     15183036.13
    10000000   40000000    8   1.758460     22747181.72
