XWS
# =====================================
#   VERTICES      EDGES PROC  EDGES/Sec 
# =====================================
       90000     360000    1  12.97
       90000     360000    2  25.43
       90000     360000    4  34.72
       90000     360000    8  29.42
      810000    3240000    1  12.92
      810000    3240000    2  20.37
      810000    3240000    4  22.35
      810000    3240000    8  23.64
     7290000   29160000    1  10.01
     7290000   29160000    2  20.98
     7290000   29160000    4  22.10
     7290000   29160000    8  25.40

Cilk
       90000     360000     1   0.049195      7.32
       90000     360000     2   0.035794     10.06
       90000     360000     4   0.039236      9.18
       90000     360000     8   0.038911      9.25
      810000    3240000     1   0.557839      5.81
      810000    3240000     2   0.361934      8.95
      810000    3240000     4   0.368583      8.79
      810000    3240000     8   0.417180      7.77
     2250000    9000000     1   2.041042      4.41
     2250000    9000000     2   1.319795      6.82
     2250000    9000000     4   1.254806      7.18
     2250000    9000000     8   1.412787      6.37
     4410000   17640000     1   4.657831      3.79
     4410000   17640000     2   2.803027      6.29
     4410000   17640000     4   2.859530      6.17
     4410000   17640000     8   2.797615      6.31


C
############################################################
# Benchmark Host: altair
# Number Of Processors: 8
#
# Number Of Scheduled Runs: 3
# Start Time: 01/14/2008 - 02:39:16
############################################################
# ===========================================================================
# [Run: 2] (Timings[COLS 4/8]: Seconds)
#   VERTICES      EDGES PROC      DFS[Torus]       EDGES/Sec
# ===========================================================================

       90000     360000    1        0.018127     19.89
       90000     360000    2        0.011451     31.44
       90000     360000    4        0.010460     34.42
       90000     360000    8        0.006446     55.85
      810000    3240000    1        0.233181     13.89
      810000    3240000    2        0.144897     22.36
      810000    3240000    4        0.126606     25.59
      810000    3240000    8        0.084632     38.28
     2250000    9000000    1        0.795056     11.32
     2250000    9000000    2        0.462102     19.48
     2250000    9000000    4        0.455174     19.77
     2250000    9000000    8        0.377623     23.83
     4410000   17640000    1        1.752900     10.06
     4410000   17640000    2        1.102022     16.01
     4410000   17640000    4        1.001037     17.62
     4410000   17640000    8        0.845855     20.85
     7290000   29160000    1        3.252723      8.96
     7290000   29160000    2        1.860995     15.67
     7290000   29160000    4        1.863577     15.65
     7290000   29160000    8        1.572735     18.54




