############################################################
# Benchmark Host: moxie
# Number Of Processors: 32
#
# Number Of Scheduled Runs: 1
# Start Time: 02/16/2008 - 08:11:05
############################################################

#    VERTICS      EDGES NPROC  TIME(Sec) MEDGES/Sec   STEALS ATTEMPTS [Run: 1]

      250000    1000000     1   0.090100  11.098779        0        0
      250000    1000000     2   0.048400  20.661157        1       68
      250000    1000000     4   0.024800  40.322581       18      325
      250000    1000000     8   0.013100  76.335878       77     1467
      250000    1000000    16   0.007800 128.205128      154     6007
      250000    1000000    20   0.006900 144.927536      188    10082
      250000    1000000    24   0.006200 161.290323      234    11413
      250000    1000000    30   0.005900 169.491525      326    22707
      250000    1000000    32   0.005600 178.571429      284    17934

#    VERTICS      EDGES NPROC  TIME(Sec) MEDGES/Sec   STEALS ATTEMPTS [Run: 1]

     1000000    4000000     1   0.375200  10.660981        0        0
     1000000    4000000     2   0.204000  19.607843       10      224
     1000000    4000000     4   0.099600  40.160643       17      769
     1000000    4000000     8   0.051500  77.669903      148     2601
     1000000    4000000    16   0.028500 140.350877      265    10222
     1000000    4000000    20   0.024300 164.609053      296    12419
     1000000    4000000    24   0.020900 191.387560      309    17347
     1000000    4000000    30   0.019100 209.424084      383    22490
     1000000    4000000    32   0.017900 223.463687      294    27229

#    VERTICS      EDGES NPROC  TIME(Sec) MEDGES/Sec   STEALS ATTEMPTS [Run: 1]

     4000000   16000000     1   1.524100  10.497999        0        0
     4000000   16000000     2   0.793800  20.156211       50      768
     4000000   16000000     4   0.387200  41.322314      221     2827
     4000000   16000000     8   0.202900  78.856580      246     6879
     4000000   16000000    16   0.113500 140.969163      496    19019
     4000000   16000000    20   0.097000 164.948454      711    26375
     4000000   16000000    24   0.084100 190.249703      768    30481
     4000000   16000000    30   0.072200 221.606648      752    46934
     4000000   16000000    32   0.067900 235.640648      595    50725

#    VERTICS      EDGES NPROC  TIME(Sec) MEDGES/Sec   STEALS ATTEMPTS [Run: 1]

     9000000   36000000     1   3.391400  10.615085        0        0
     9000000   36000000     2   1.785500  20.162419       11     1138
     9000000   36000000     4   0.858700  41.923838      388     5587
     9000000   36000000     8   0.458900  78.448464      611    13365
     9000000   36000000    16   0.256000 140.625000     1189    32560
     9000000   36000000    20   0.218200 164.986251     1140    43564
     9000000   36000000    24   0.186800 192.719486     1269    60872
     9000000   36000000    30   0.162500 221.538462     1260    64260
     9000000   36000000    32   0.154200 233.463035     1451    83145


############################################################
# End Time: 02/16/2008 - 09:02:52
############################################################
