############################################################
# Benchmark Host: moxie
# Number Of Processors: 32
#
# Number Of Scheduled Runs: 1
# Start Time: 02/17/2008 - 04:52:31
############################################################

#   VERTICES      EDGES PROC Time(Secs) MEDGES/Sec [Run: 1]


      250000    1000000    1   0.214676   4.658183
      250000    1000000    2   0.110528   9.047481
      250000    1000000    4   0.099851  10.014922
      250000    1000000    8   0.033375  29.962547
      250000    1000000   16   0.024843  40.252788
      250000    1000000   20   0.031880  31.367629
      250000    1000000   24   0.033316  30.015608
      250000    1000000   30   0.057108  17.510682
      250000    1000000   32   0.057679  17.337332


     1000000    4000000    1   1.109149   3.606368
     1000000    4000000    2   0.555157   7.205169
     1000000    4000000    4   0.528678   7.566042
     1000000    4000000    8   0.309280  12.933264
     1000000    4000000   16   0.133216  30.026423
     1000000    4000000   20   0.095343  41.953788
     1000000    4000000   24   0.093883  42.606223
     1000000    4000000   30   0.111950  35.730237
     1000000    4000000   32   0.108547  36.850397


     4000000   16000000    1   4.993669   3.204057
     4000000   16000000    2   2.510840   6.372369
     4000000   16000000    4   2.444296   6.545852
     4000000   16000000    8   1.946948   8.217990
     4000000   16000000   16   0.470277  34.022502
     4000000   16000000   20   0.514553  31.094950
     4000000   16000000   24   0.522151  30.642477
     4000000   16000000   30   0.427370  37.438285
     4000000   16000000   32   0.362742  44.108485


     9000000   36000000    1  14.124790   2.548710
     9000000   36000000    2   6.115647   5.886540
     9000000   36000000    4   7.040481   5.113287
     9000000   36000000    8   5.957993   6.042303
     9000000   36000000   16   1.327871  27.111067
     9000000   36000000   20   1.204645  29.884323
     9000000   36000000   24   0.992868  36.258596
     9000000   36000000   30   0.814093  44.220992
     9000000   36000000   32   0.821805  43.806012


############################################################
# End Time: 02/17/2008 - 05:18:35
############################################################
