############################################################
# Benchmark Host: altair
# Number Of Processors: 8
#
# Number Of Scheduled Runs: 3
# Start Time: 02/24/2008 - 08:28:50
############################################################


#    VERTICS      EDGES PROCS  TIME(Sec) MEDGES/Sec [Run: 1]



      250000    1000000     1   0.204558   4.888589
      250000    1000000     2   0.134966   7.409273
      250000    1000000     4   0.107507   9.301720
      250000    1000000     6   0.080167  12.473961
      250000    1000000     8   0.102285   9.776605


     1000000    4000000     1   1.016902   3.933516
     1000000    4000000     2   0.612358   6.532127
     1000000    4000000     4   0.371326  10.772206
     1000000    4000000     6   0.379267  10.546660
     1000000    4000000     8   0.388693  10.290898


     4000000   16000000     1   5.035312   3.177559
     4000000   16000000     2   2.937714   5.446412
     4000000   16000000     4   1.855962   8.620866
     4000000   16000000     6   1.728796   9.254996
     4000000   16000000     8   1.080287  14.810879


#    VERTICS      EDGES PROCS  TIME(Sec) MEDGES/Sec [Run: 2]



      250000    1000000     1   0.215630   4.637574
      250000    1000000     2   0.133061   7.515350
      250000    1000000     4   0.121633   8.221453
      250000    1000000     6   0.102316   9.773642
      250000    1000000     8   0.081596  12.255503


     1000000    4000000     1   1.018608   3.926928
     1000000    4000000     2   0.610852   6.548231
     1000000    4000000     4   0.409680   9.763718
     1000000    4000000     6   0.409766   9.761669
     1000000    4000000     8   0.353072  11.329134


     4000000   16000000     1   5.764347   2.775683
     4000000   16000000     2   3.143907   5.089209
     4000000   16000000     4   1.705506   9.381380
     4000000   16000000     6   1.281754  12.482895
     4000000   16000000     8   1.075074  14.882696


#    VERTICS      EDGES PROCS  TIME(Sec) MEDGES/Sec [Run: 3]



      250000    1000000     1   0.201784   4.955794
      250000    1000000     2   0.126982   7.875132
      250000    1000000     4   0.086426  11.570592
      250000    1000000     6   0.088882  11.250872
      250000    1000000     8   0.099153  10.085424


     1000000    4000000     1   1.102503   3.628108
     1000000    4000000     2   0.656589   6.092091
     1000000    4000000     4   0.428421   9.336610
     1000000    4000000     6   0.396810  10.080391
     1000000    4000000     8   0.337266  11.860075


     4000000   16000000     1   4.975588   3.215700
     4000000   16000000     2   2.942833   5.436938
     4000000   16000000     4   1.880459   8.508561
     4000000   16000000     6   1.718313   9.311458
     4000000   16000000     8   1.078813  14.831115


############################################################
# End Time: 02/24/2008 - 08:48:42
############################################################
