############################################################
# Benchmark Host: moxie
# Number Of Processors: 32
#
# Number Of Scheduled Runs: 1
# Start Time: 02/18/2008 - 04:46:23
############################################################


#    VERTICS      EDGES PROCS  TIME(Sec) MEDGES/Sec [Run: 1]



      250000    1000000     1   0.305523   3.273076
      250000    1000000     2   0.211224   4.734310
      250000    1000000     4   0.216622   4.616336
      250000    1000000     8   0.215171   4.647466
      250000    1000000    16   0.213517   4.683468
      250000    1000000    20   0.213261   4.689090
      250000    1000000    24   0.220081   4.543782
      250000    1000000    30   0.213016   4.694483
      250000    1000000    32   0.227707   4.391609


     1000000    4000000     1   0.936149   4.272824
     1000000    4000000     2   0.928819   4.306544
     1000000    4000000     4   0.926428   4.317659
     1000000    4000000     8   0.944209   4.236350
     1000000    4000000    16   0.931641   4.293499
     1000000    4000000    20   0.957364   4.178139
     1000000    4000000    24   1.339996   2.985084
     1000000    4000000    30   0.947804   4.220282
     1000000    4000000    32   0.938804   4.260740


     4000000   16000000     1   4.078951   3.922577
     4000000   16000000     2   4.725663   3.385768
     4000000   16000000     4   4.773512   3.351830
     4000000   16000000     8   4.546028   3.519556
     4000000   16000000    16   4.567134   3.503291
     4000000   16000000    20   3.921709   4.079854
     4000000   16000000    24   3.901951   4.100513
     4000000   16000000    30   4.114782   3.888420
     4000000   16000000    32   4.067580   3.933543


     9000000   36000000     1  15.508523   2.321304
     9000000   36000000     2  12.572750   2.863335
     9000000   36000000     4  13.270431   2.712798
     9000000   36000000     8  14.716178   2.446287
     9000000   36000000    16  16.317883   2.206169
     9000000   36000000    20  16.292900   2.209551
     9000000   36000000    24  13.554075   2.656028
     9000000   36000000    30  13.692158   2.629242
     9000000   36000000    32  14.192775   2.536502


############################################################
# End Time: 02/18/2008 - 04:59:37
############################################################
