XWS
############################################################
# Benchmark Host: moxie
# Number Of Processors: 32
#
# Number Of Scheduled Runs: 1
# Start Time: 01/16/2008 - 02:51:10
############################################################
# =================================================================
#   VERTICES      EDGES PROC  TIME(Sec)       EDGES/Sec [Run: 1]
# =================================================================
      100000     300000    1   0.131622      2279250.66
      100000     300000    2   0.082172      3650868.87
      100000     300000    4   0.054124      5542859.74
      100000     300000    8   0.026431     11350292.89
      100000     300000   16   0.021266     14107117.51
      100000     300000   24   0.023352     12847012.25
      100000     300000   30   0.022725     13201289.34
      100000     300000   32   0.025644     11698674.89
     1000000    3000000    1   1.470137      2040626.75
     1000000    3000000    2   0.769152      3900401.86
     1000000    3000000    4   0.391949      7654052.99
     1000000    3000000    8   0.216045     13886024.32
     1000000    3000000   16   0.145203     20660716.49
     1000000    3000000   24   0.140192     21399296.27
     1000000    3000000   30   0.126230     23766087.14
     1000000    3000000   32   0.151302     19827868.72
    10000000   30000000    1  23.379450      1283178.15
    10000000   30000000    2  11.622582      2581181.97
    10000000   30000000    4   5.886901      5096059.62
    10000000   30000000    8   3.171711      9458617.79
    10000000   30000000   16   1.815752     16522080.21
    10000000   30000000   24   1.532906     19570667.53
    10000000   30000000   30   1.320091     22725705.20
    10000000   30000000   32   1.636325     18333761.99
      100000     400000    1   0.131659      3038162.07
      100000     400000    2   0.095423      4191880.43
      100000     400000    4   0.043316      9234477.94
      100000     400000    8   0.031445     12720820.32
      100000     400000   16   0.023670     16899092.56
      100000     400000   24   0.022837     17515397.13
      100000     400000   30   0.025558     15650609.53
      100000     400000   32   0.027562     14512731.77
     1000000    4000000    1   1.470636      2719911.08
     1000000    4000000    2   0.775119      5160494.95
     1000000    4000000    4   0.392142     10200395.44
     1000000    4000000    8   0.213414     18742939.89
     1000000    4000000   16   0.174485     22924579.63
     1000000    4000000   24   0.159675     25050817.31
     1000000    4000000   30   0.136289     29349307.65
     1000000    4000000   32   0.130233     30714245.65
    10000000   40000000    1  23.368907      1711676.10
    10000000   40000000    2  11.633105      3438462.80
    10000000   40000000    4   5.928880      6746636.28
    10000000   40000000    8   3.177943     12586759.05
    10000000   40000000   16   1.885504     21214486.93
    10000000   40000000   24   1.396458     28643897.14
    10000000   40000000   30   1.303367     30689751.49
    10000000   40000000   32   1.428941     27992767.52


