############################################################
# Benchmark Host: moxie
# Number Of Processors: 32
#
# Number Of Scheduled Runs: 1
# Start Time: 02/25/2008 - 02:55:06
############################################################

#    VERTICS      EDGES NPROC  TIME(Sec) MEDGES/Sec   STEALS ATTEMPTS [Run: 1]

      250000    1000000     1   0.176000   5.681818        0        0
      250000    1000000     2   0.096000  10.416667       27      192
      250000    1000000     4   0.071300  14.025245       59     3317
      250000    1000000     8   0.045100  22.172949      459     8886
      250000    1000000    16   0.020500  48.780488     4783    48756
      250000    1000000    20   0.016100  62.111801     3914    51456
      250000    1000000    24   0.014700  68.027211     2613    83993
      250000    1000000    30   0.013500  74.074074     3714    96482
      250000    1000000    32   0.013900  71.942446     2803   140383

#    VERTICS      EDGES NPROC  TIME(Sec) MEDGES/Sec   STEALS ATTEMPTS [Run: 1]

     1000000    4000000     1   0.776200   5.153311        0        0
     1000000    4000000     2   0.414600   9.647853       62      514
     1000000    4000000     4   0.223300  17.913121       76     1496
     1000000    4000000     8   0.125700  31.821798      337     7744
     1000000    4000000    16   0.067100  59.612519     8198   130322
     1000000    4000000    20   0.060400  66.225166    12817   131960
     1000000    4000000    24   0.062200  64.308682     9996   167390
     1000000    4000000    30   0.051600  77.519380     3875   150480
     1000000    4000000    32   0.042100  95.011876     5877   357849

#    VERTICS      EDGES NPROC  TIME(Sec) MEDGES/Sec   STEALS ATTEMPTS [Run: 1]

     4000000   16000000     1   5.065300   3.158747        0        0
     4000000   16000000     2   2.591900   6.173078       77      933
     4000000   16000000     4   1.315000  12.167300      120     3634
     4000000   16000000     8   0.678400  23.584906      352    12284
     4000000   16000000    16   0.374900  42.678047      742    40518
     4000000   16000000    20   0.313900  50.971647     1625    59701
     4000000   16000000    24   0.211300  75.721723     1838    79274
     4000000   16000000    30   0.246200  64.987815     2443   131276
     4000000   16000000    32   0.180800  88.495575     3494   134586

#    VERTICS      EDGES NPROC  TIME(Sec) MEDGES/Sec   STEALS ATTEMPTS [Run: 1]

     9000000   36000000     1  12.215400   2.947100        0        0
     9000000   36000000     2   6.207200   5.799716       61      268
     9000000   36000000     4   3.217600  11.188463      176     6136
     9000000   36000000     8   1.733600  20.766036      437    18246
     9000000   36000000    16   0.970300  37.101927     5675    88087
     9000000   36000000    20   0.751400  47.910567     2560    84045
     9000000   36000000    24   0.712200  50.547599     1932   112401
     9000000   36000000    30   0.587400  61.287028     4040   177827
     9000000   36000000    32   0.551300  65.300200     3662   179726


############################################################
# End Time: 02/25/2008 - 03:43:56
############################################################
