############################################################
# Benchmark Host: v20n169.pbm.ihost.com
# Number Of Processors: 16
# Usable Physical Memory: 63488 MBytes
# SMT Enabled: false
# SMT Threads: 2
#
# Number Of Scheduled Runs: 1
# Start Time: 10/08/2007 - 08:12:37
############################################################

# =================================================================
#   VERTICES      EDGES PROC  TIME(Sec)       EDGES/Sec [Run: 1]
# =================================================================

     1000000    4000000    1   1.574000      2541296.06
     1000000    4000000    2   0.986000      4056795.13
     1000000    4000000    3   0.747000      5354752.34
     1000000    4000000    4   0.622000      6430868.17
     1000000    4000000    5   0.511000      7827788.65
     1000000    4000000    6   0.460000      8695652.17
     1000000    4000000    7   0.424000      9433962.26
     1000000    4000000    8   0.369000     10840108.40
     1000000    4000000    9   0.326000     12269938.65
     1000000    4000000   10   0.302000     13245033.11
     1000000    4000000   11   0.282000     14184397.16
     1000000    4000000   12   0.264000     15151515.15
     1000000    4000000   13   0.252000     15873015.87
     1000000    4000000   14   0.235000     17021276.60
     1000000    4000000   15   0.220000     18181818.18
     1000000    4000000   16   0.210000     19047619.05

# =================================================================
#   VERTICES      EDGES PROC  TIME(Sec)       EDGES/Sec [Run: 1]
# =================================================================

     2000000    8000000    1   3.772000      2120890.77
     2000000    8000000    2   2.185000      3661327.23
     2000000    8000000    3   1.595000      5015673.98
     2000000    8000000    4   1.266000      6319115.32
     2000000    8000000    5   1.070000      7476635.51
     2000000    8000000    6   0.917000      8724100.33
     2000000    8000000    7   0.856000      9345794.39
     2000000    8000000    8   0.722000     11080332.41
     2000000    8000000    9   0.656000     12195121.95
     2000000    8000000   10   0.612000     13071895.42
     2000000    8000000   11   0.582000     13745704.47
     2000000    8000000   12   0.556000     14388489.21
     2000000    8000000   13   0.499000     16032064.13
     2000000    8000000   14   0.492000     16260162.60
     2000000    8000000   15   0.460000     17391304.35
     2000000    8000000   16   0.427000     18735363.00

# =================================================================
#   VERTICES      EDGES PROC  TIME(Sec)       EDGES/Sec [Run: 1]
# =================================================================

     3000000   12000000    1   6.220000      1929260.45
     3000000   12000000    2   3.490000      3438395.42
     3000000   12000000    3   2.513000      4775169.12
     3000000   12000000    4   1.967000      6100660.90
     3000000   12000000    5   1.648000      7281553.40
     3000000   12000000    6   1.405000      8540925.27
     3000000   12000000    7   1.246000      9630818.62
     3000000   12000000    8   1.119000     10723860.59
     3000000   12000000    9   1.009000     11892963.33
     3000000   12000000   10   0.943000     12725344.64
     3000000   12000000   11   0.874000     13729977.12
     3000000   12000000   12   0.820000     14634146.34
     3000000   12000000   13   0.757000     15852047.56
     3000000   12000000   14   0.713000     16830294.53
     3000000   12000000   15   0.695000     17266187.05
     3000000   12000000   16   0.692000     17341040.46

# =================================================================
#   VERTICES      EDGES PROC  TIME(Sec)       EDGES/Sec [Run: 1]
# =================================================================

     4000000   16000000    1   7.846000      2039255.67
     4000000   16000000    2   4.692000      3410059.68
     4000000   16000000    3   3.355000      4769001.49
     4000000   16000000    4   2.663000      6008261.36
     4000000   16000000    5   2.322000      6890611.54
     4000000   16000000    6   1.938000      8255933.95
     4000000   16000000    7   1.762000      9080590.24
     4000000   16000000    8   1.576000     10152284.26
     4000000   16000000    9   1.430000     11188811.19
     4000000   16000000   10   1.339000     11949215.83
     4000000   16000000   11   1.239000     12913640.03
     4000000   16000000   12   1.155000     13852813.85
     4000000   16000000   13   1.077000     14856081.71
     4000000   16000000   14   1.017000     15732546.71
     4000000   16000000   15   0.889000     17997750.28
     4000000   16000000   16   0.831000     19253910.95

# =================================================================
#   VERTICES      EDGES PROC  TIME(Sec)       EDGES/Sec [Run: 1]
# =================================================================

     5000000   20000000    1  10.849000      1843487.88
     5000000   20000000    2   6.077000      3291097.58
     5000000   20000000    3   4.305000      4645760.74
     5000000   20000000    4   3.322000      6020469.60
     5000000   20000000    5   2.806000      7127583.75
     5000000   20000000    6   2.363000      8463817.18
     5000000   20000000    7   2.043000      9789525.21
     5000000   20000000    8   1.883000     10621348.91
     5000000   20000000    9   1.689000     11841326.23
     5000000   20000000   10   1.501000     13324450.37
     5000000   20000000   11   1.361000     14695077.15
     5000000   20000000   12   1.350000     14814814.81
     5000000   20000000   13   1.225000     16326530.61
     5000000   20000000   14   1.224000     16339869.28
     5000000   20000000   15   1.126000     17761989.34
     5000000   20000000   16   1.076000     18587360.59
