############################################################
# Benchmark Host: altair
# Number Of Processors: 8
#
# Number Of Scheduled Runs: 3
# Start Time: 02/25/2008 - 05:08:01
############################################################


#    VERTICS      EDGES PROCS  TIME(Sec) MEDGES/Sec [Run: 1]



      250000    1000000     1   0.157526   6.348158
      250000    1000000     2   0.106863   9.357776
      250000    1000000     4   0.109735   9.112863
      250000    1000000     6   0.119149   8.392853
      250000    1000000     8   0.108988   9.175322


     1000000    4000000     1   0.759894   5.263892
     1000000    4000000     2   0.449699   8.894839
     1000000    4000000     4   0.448328   8.922039
     1000000    4000000     6   0.462182   8.654599
     1000000    4000000     8   0.466273   8.578665


     4000000   16000000     2   2.656350   6.023303
     4000000   16000000     4   2.460866   6.501776
     4000000   16000000     6   2.365208   6.764733
     4000000   16000000     8   2.702689   5.920030


#    VERTICS      EDGES PROCS  TIME(Sec) MEDGES/Sec [Run: 2]



      250000    1000000     1   0.163952   6.099346
      250000    1000000     2   0.105573   9.472119
      250000    1000000     4   0.102700   9.737098
      250000    1000000     6   0.129268   7.735867
      250000    1000000     8   0.118793   8.418004


     1000000    4000000     1   0.768212   5.206896
     1000000    4000000     2   0.485911   8.231960
     1000000    4000000     4   0.487433   8.206256
     1000000    4000000     6   0.489064   8.178889
     1000000    4000000     8   0.455940   8.773084


     4000000   16000000     2   2.423089   6.603142
     4000000   16000000     4   2.518844   6.352120
     4000000   16000000     6   2.447856   6.536332
     4000000   16000000     8   3.061019   5.227018


#    VERTICS      EDGES PROCS  TIME(Sec) MEDGES/Sec [Run: 3]



      250000    1000000     1   0.163409   6.119614
      250000    1000000     2   0.106955   9.349727
      250000    1000000     4   0.105118   9.513119
      250000    1000000     6   0.128125   7.804878
      250000    1000000     8   0.124570   8.027615


     1000000    4000000     1   0.761125   5.255379
     1000000    4000000     2   0.488388   8.190209
     1000000    4000000     4   0.444780   8.993210
     1000000    4000000     6   0.469896   8.512522
     1000000    4000000     8   0.523147   7.646034


     4000000   16000000     2   2.651858   6.033506
     4000000   16000000     4   2.505342   6.386354
     4000000   16000000     6   2.720154   5.882020
     4000000   16000000     8   2.570802   6.223739


############################################################
# End Time: 02/25/2008 - 05:20:54
############################################################
