############################################################
# Benchmark Host: v20n36.pbm.ihost.com
# Number Of Processors: 16
#
# Number Of Scheduled Runs: 3
# Start Time: 02/22/2008 - 03:39:39
############################################################


#    VERTICS      EDGES PROCS  TIME(Sec) MEDGES/Sec [Run: 1]



      250000    1000000     1   0.142692   7.008101
      250000    1000000     2   0.081906  12.209118
      250000    1000000     4   0.045079  22.183278
      250000    1000000     6   0.033641  29.725632
      250000    1000000     8   0.027272  36.667644
      250000    1000000    10   0.024023  41.626774
      250000    1000000    12   0.021176  47.223272
      250000    1000000    14   0.025014  39.977613
      250000    1000000    16   0.018563  53.870603


     1000000    4000000     1   1.017161   3.932514
     1000000    4000000     2   0.597999   6.688974
     1000000    4000000     4   0.317801  12.586493
     1000000    4000000     6   0.201972  19.804725
     1000000    4000000     8   0.135567  29.505706
     1000000    4000000    10   0.166218  24.064782
     1000000    4000000    12   0.102069  39.189176
     1000000    4000000    14   0.103944  38.482260
     1000000    4000000    16   0.080468  49.709201


     4000000   16000000     1   6.553769   2.441343
     4000000   16000000     2   3.229230   4.954742
     4000000   16000000     4   1.597287  10.016985
     4000000   16000000     6   1.182297  13.532979
     4000000   16000000     8   0.900717  17.763626
     4000000   16000000    10   0.732068  21.855893
     4000000   16000000    12   0.647656  24.704473
     4000000   16000000    14   0.511511  31.279875
     4000000   16000000    16   0.508249  31.480633


     9000000   36000000     1  21.405310   1.681826
     9000000   36000000     2  10.297671   3.495936
     9000000   36000000     4   4.865979   7.398306
     9000000   36000000     6   3.481679  10.339839
     9000000   36000000     8   2.636283  13.655590
     9000000   36000000    10   2.250989  15.992970
     9000000   36000000    12   1.908293  18.865028
     9000000   36000000    14   1.747147  20.605021
     9000000   36000000    16   1.484053  24.257894


#    VERTICS      EDGES PROCS  TIME(Sec) MEDGES/Sec [Run: 2]



      250000    1000000     1   0.170206   5.875234
      250000    1000000     2   0.081528  12.265725
      250000    1000000     4   0.046502  21.504451
      250000    1000000     6   0.033221  30.101442
      250000    1000000     8   0.027035  36.989088
      250000    1000000    10   0.023925  41.797283
      250000    1000000    12   0.021452  46.615700
      250000    1000000    14   0.019423  51.485352
      250000    1000000    16   0.018169  55.038802


     1000000    4000000     1   1.019194   3.924670
     1000000    4000000     2   0.600038   6.666244
     1000000    4000000     4   0.285986  13.986699
     1000000    4000000     6   0.228447  17.509532
     1000000    4000000     8   0.136974  29.202622
     1000000    4000000    10   0.113668  35.190203
     1000000    4000000    12   0.100370  39.852546
     1000000    4000000    14   0.104033  38.449338
     1000000    4000000    16   0.115145  34.738808


     4000000   16000000     1   6.546203   2.444165
     4000000   16000000     2   3.187379   5.019798
     4000000   16000000     4   1.500876  10.660441
     4000000   16000000     6   1.158595  13.809830
     4000000   16000000     8   1.000336  15.994626
     4000000   16000000    10   0.755824  21.168949
     4000000   16000000    12   0.665895  24.027812
     4000000   16000000    14   0.572209  27.961811
     4000000   16000000    16   0.563793  28.379210


     9000000   36000000     1  21.527322   1.672293
     9000000   36000000     2  10.356777   3.475985
     9000000   36000000     4   5.297903   6.795141
     9000000   36000000     6   3.436940  10.474434
     9000000   36000000     8   2.723058  13.220431
     9000000   36000000    10   2.238820  16.079899
     9000000   36000000    12   1.924356  18.707557
     9000000   36000000    14   2.292893  15.700689
     9000000   36000000    16   1.485065  24.241363


#    VERTICS      EDGES PROCS  TIME(Sec) MEDGES/Sec [Run: 3]



      250000    1000000     1   0.171922   5.816591
      250000    1000000     2   0.079758  12.537927
      250000    1000000     4   0.044757  22.342874
      250000    1000000     6   0.033045  30.261764
      250000    1000000     8   0.030714  32.558442
      250000    1000000    10   0.023661  42.263641
      250000    1000000    12   0.021014  47.587323
      250000    1000000    14   0.019888  50.281577
      250000    1000000    16   0.025733  38.860607


     1000000    4000000     1   1.017699   3.930435
     1000000    4000000     2   0.598570   6.682594
     1000000    4000000     4   0.288619  13.859101
     1000000    4000000     6   0.203583  19.648006
     1000000    4000000     8   0.158853  25.180513
     1000000    4000000    10   0.133528  29.956264
     1000000    4000000    12   0.114014  35.083411
     1000000    4000000    14   0.090103  44.393638
     1000000    4000000    16   0.100725  39.712087


     4000000   16000000     1   6.626242   2.414642
     4000000   16000000     2   3.222338   4.965339
     4000000   16000000     4   1.866423   8.572548
     4000000   16000000     6   1.167276  13.707127
     4000000   16000000     8   0.891341  17.950481
     4000000   16000000    10   0.662734  24.142416
     4000000   16000000    12   0.649764  24.624325
     4000000   16000000    14   0.578028  27.680320
     4000000   16000000    16   0.448534  35.671766


     9000000   36000000     1  21.604102   1.666350
     9000000   36000000     2  10.388879   3.465244
     9000000   36000000     4   4.612193   7.805398
     9000000   36000000     6   3.124210  11.522913
     9000000   36000000     8   2.623627  13.721463
     9000000   36000000    10   2.183417  16.487918
     9000000   36000000    12   1.971622  18.259078
     9000000   36000000    14   1.680119  21.427054
     9000000   36000000    16   1.501873  23.970069


############################################################
# End Time: 02/22/2008 - 03:59:08
############################################################
