############################################################
# Benchmark Host: altair
# Number Of Processors: 8
#
# Number Of Scheduled Runs: 3
# Start Time: 02/18/2008 - 08:34:02
############################################################

#    VERTICS      EDGES NPROC  TIME(Sec) MEDGES/Sec   STEALS ATTEMPTS [Run: 1]

      250000    1000000     1   0.048400  20.661157        0        0
      250000    1000000     2   0.051300  19.493177        0     2524
      250000    1000000     4   0.177000   5.649718        0      753
      250000    1000000     6   0.032900  30.395137       65    41274
      250000    1000000     8   0.036900  27.100271       99    42808

#    VERTICS      EDGES NPROC  TIME(Sec) MEDGES/Sec   STEALS ATTEMPTS [Run: 1]

     1000000    4000000     1   0.259400  15.420200        0        0
     1000000    4000000     2   4.771200   0.838364     1939    11882
     1000000    4000000     4   1.748900   2.287152     1136    19788
     1000000    4000000     6   0.570400   7.012623    16829   168158
     1000000    4000000     8   0.431700   9.265694        0     4928

#    VERTICS      EDGES NPROC  TIME(Sec) MEDGES/Sec   STEALS ATTEMPTS [Run: 1]

     4000000   16000000     1   1.546700  10.344605        0        0
     4000000   16000000     2  15.809400   1.012056     7948    43392
     4000000   16000000     4   8.863400   1.805176    55852   294534
     4000000   16000000     6   1.536800  10.411244    37613   286176
     4000000   16000000     8   0.831100  19.251594    59851   618679

#    VERTICS      EDGES NPROC  TIME(Sec) MEDGES/Sec   STEALS ATTEMPTS [Run: 1]

     9000000   36000000     1   4.057900   8.871584        0        0
     9000000   36000000     2  23.563000   1.527819    15643    72492
     9000000   36000000     4  15.955500   2.256275    79539   437979
     9000000   36000000     6   4.196200   8.579191   131107   829673
     9000000   36000000     8   1.878000  19.169329   138217  1150683

#    VERTICS      EDGES NPROC  TIME(Sec) MEDGES/Sec   STEALS ATTEMPTS [Run: 2]

      250000    1000000     1   0.053200  18.796992        0        0
      250000    1000000     2   0.051600  19.379845        0     3212
      250000    1000000     4   0.077800  12.853470      284    61772
      250000    1000000     6   0.185000   5.405405        0     2134
      250000    1000000     8   0.029700  33.670034      262    31835

#    VERTICS      EDGES NPROC  TIME(Sec) MEDGES/Sec   STEALS ATTEMPTS [Run: 2]

     1000000    4000000     1   0.245400  16.299919        0        0
     1000000    4000000     2   4.537000   0.881640     2485    13150
     1000000    4000000     4   0.863900   4.630166     1208    20077
     1000000    4000000     6   0.423600   9.442871        0     2141
     1000000    4000000     8   0.404000   9.900990    19951   260186

#    VERTICS      EDGES NPROC  TIME(Sec) MEDGES/Sec   STEALS ATTEMPTS [Run: 2]

     4000000   16000000     1   1.618500   9.885697        0        0
     4000000   16000000     2  15.260200   1.048479     8151    42256
     4000000   16000000     4   7.431700   2.152939    32489   204300
     4000000   16000000     6   1.702000   9.400705    59010   477535
     4000000   16000000     8   0.967000  16.546019    71169   682756

#    VERTICS      EDGES NPROC  TIME(Sec) MEDGES/Sec   STEALS ATTEMPTS [Run: 2]

     9000000   36000000     1   4.328300   8.317353        0        0
     9000000   36000000     2  24.331200   1.479582    13640    70132
     9000000   36000000     4  16.927300   2.126742    93207   607732
     9000000   36000000     6   3.971600   9.064357   126950   949254
     9000000   36000000     8   1.596900  22.543678   128857  1167170

#    VERTICS      EDGES NPROC  TIME(Sec) MEDGES/Sec   STEALS ATTEMPTS [Run: 3]

      250000    1000000     1   0.052500  19.047619        0        0
      250000    1000000     2   0.051300  19.493177        0      694
      250000    1000000     4   0.039500  25.316456      764    10570
      250000    1000000     6   0.177300   5.640158        0     2251
      250000    1000000     8   0.032300  30.959752       33    18163

#    VERTICS      EDGES NPROC  TIME(Sec) MEDGES/Sec   STEALS ATTEMPTS [Run: 3]

     1000000    4000000     1   0.246300  16.240357        0        0
     1000000    4000000     2   4.859100   0.823198     1890    12278
     1000000    4000000     4   1.124400   3.557453     1463    24625
     1000000    4000000     6   0.128800  31.055901     2684   170061
     1000000    4000000     8   0.124000  32.258065     2413   141024

#    VERTICS      EDGES NPROC  TIME(Sec) MEDGES/Sec   STEALS ATTEMPTS [Run: 3]

     4000000   16000000     1   1.570600  10.187190        0        0
     4000000   16000000     2  15.913700   1.005423     9170    44974
     4000000   16000000     4   8.942200   1.789269    49431   325312
     4000000   16000000     6   1.819800   8.792175    66212   544808
     4000000   16000000     8   0.811500  19.716574    62578   650286

#    VERTICS      EDGES NPROC  TIME(Sec) MEDGES/Sec   STEALS ATTEMPTS [Run: 3]

     9000000   36000000     1   4.040400   8.910009        0        0
     9000000   36000000     2  23.222000   1.550254    15257    72208
     9000000   36000000     4  17.753500   2.027769    94122   627493
     9000000   36000000     6   3.937000   9.144018   129301  1007803
     9000000   36000000     8   1.669100  21.568510   130903  1271551


############################################################
# End Time: 02/18/2008 - 10:32:50
############################################################
