############################################################
# Benchmark Host: altair
# Number Of Processors: 8
#
# Number Of Scheduled Runs: 1
# Start Time: 02/25/2008 - 21:37:26
############################################################

#    VERTICS      EDGES NPROC  TIME(Sec) MEDGES/Sec   STEALS ATTEMPTS [Run: 1]

      250000    1000000     1   0.048800  20.491803        0        0
      250000    1000000     2   0.046000  21.739130        0     1468
      250000    1000000     4   0.080200  12.468828        0      150
      250000    1000000     6   0.106500   9.389671        0      724
      250000    1000000     8   0.049800  20.080321     2879   121980

#    VERTICS      EDGES NPROC  TIME(Sec) MEDGES/Sec   STEALS ATTEMPTS [Run: 1]

     1000000    4000000     1   0.232600  17.196905        0        0
     1000000    4000000     2   0.233000  17.167382        0     3854
     1000000    4000000     4   0.702400   5.694761      352    10339
     1000000    4000000     6   0.328800  12.165450        0      832
     1000000    4000000     8   0.488700   8.184981    21672   582914

#    VERTICS      EDGES NPROC  TIME(Sec) MEDGES/Sec   STEALS ATTEMPTS [Run: 1]

     4000000   16000000     1   1.280200  12.498047        0        0
     4000000   16000000     2  13.867100   1.153810    13766    54060
     4000000   16000000     4   5.754900   2.780239    62143   486758
     4000000   16000000     6   1.319300  12.127643    58201   656561
     4000000   16000000     8   0.856700  18.676316    62849  1024197

#    VERTICS      EDGES NPROC  TIME(Sec) MEDGES/Sec   STEALS ATTEMPTS [Run: 1]

     9000000   36000000     1   3.683200   9.774109        0        0
     9000000   36000000     2  21.043500   1.710742    15652    89738
     9000000   36000000     4  15.598900   2.307855   124294   667606
     9000000   36000000     6   2.853700  12.615201   131477  1460871
     9000000   36000000     8   1.357400  26.521291   125550  1400681


