############################################################
# Benchmark Host: r28n01.pbm.ihost.com
# Number Of Processors: 64
# Usable Physical Memory: 513792 MBytes
# SMT Enabled: false
# SMT Threads: 2
#
# Number Of Scheduled Runs: 3
# Start Time: 01/11/2008 - 04:42:27
############################################################

# ===========================================================================
# [Run: 1] (Timings[COLS 4/8]: Seconds)
#   VERTICES      EDGES PROC     BFS[Random]       EDGES/Sec
# ===========================================================================

      100000     400000    1        0.018059     22149620.69
      100000     400000    2        0.014860     26917900.40
      100000     400000    4        0.010279     38914291.27
      100000     400000    8        0.010050     39800995.02
      100000     400000   16        0.016623     24063045.18
      100000     400000   32        0.041084      9736150.33
      100000     400000   64        0.066643      6002130.76
     1000000    4000000    1        0.625860      6391205.70
     1000000    4000000    2        0.352150     11358795.97
     1000000    4000000    4        0.195270     20484457.42
     1000000    4000000    8        0.134077     29833603.08
     1000000    4000000   16        0.176125     22711142.65
     1000000    4000000   32        0.405458      9865386.80
     1000000    4000000   64        0.616775      6485347.17
    10000000   40000000    1       15.392987      2598585.97
    10000000   40000000    2        7.191358      5562231.78
    10000000   40000000    4        3.782239     10575746.27
    10000000   40000000    8        2.240324     17854560.32
    10000000   40000000   16        2.105554     18997375.51
    10000000   40000000   32        4.120191      9708287.80
    10000000   40000000   64        6.031382      6631979.20

# ===========================================================================
# [Run: 2] (Timings[COLS 4/8]: Seconds)
#   VERTICES      EDGES PROC     BFS[Random]       EDGES/Sec
# ===========================================================================

      100000     400000    1        0.019759     20243939.47
      100000     400000    2        0.014831     26970534.69
      100000     400000    4        0.010428     38358266.21
      100000     400000    8        0.009783     40887253.40
      100000     400000   16        0.016919     23642059.22
      100000     400000   32        0.039702     10075059.19
      100000     400000   64        0.069790      5731480.15
     1000000    4000000    1        0.663894      6025058.22
     1000000    4000000    2        0.343700     11638056.44
     1000000    4000000    4        0.190397     21008734.38
     1000000    4000000    8        0.135329     29557596.67
     1000000    4000000   16        0.175891     22741356.86
     1000000    4000000   32        0.405562      9862856.97
     1000000    4000000   64        0.676410      5913573.13
    10000000   40000000    1       15.314540      2611896.93
    10000000   40000000    2        7.582501      5275304.28
    10000000   40000000    4        3.725109     10737940.82
    10000000   40000000    8        2.237383     17878029.82
    10000000   40000000   16        2.110296     18954686.93
    10000000   40000000   32        4.096614      9764161.33
    10000000   40000000   64        6.881346      5812816.27

# ===========================================================================
# [Run: 3] (Timings[COLS 4/8]: Seconds)
#   VERTICES      EDGES PROC     BFS[Random]       EDGES/Sec
# ===========================================================================

      100000     400000    1        0.018575     21534320.32
      100000     400000    2        0.014383     27810609.75
      100000     400000    4        0.010200     39215686.27
      100000     400000    8        0.009991     40036032.43
      100000     400000   16        0.016709     23939194.45
      100000     400000   32        0.040923      9774454.46
      100000     400000   64        0.058963      6783915.34
     1000000    4000000    1        0.644818      6203300.78
     1000000    4000000    2        0.350531     11411258.92
     1000000    4000000    4        0.196413     20365250.77
     1000000    4000000    8        0.133171     30036569.52
     1000000    4000000   16        0.175844     22747435.23
     1000000    4000000   32        0.409368      9771159.45
     1000000    4000000   64        0.512225      7809068.28
    10000000   40000000    1       14.649200      2730524.53
    10000000   40000000    2        7.510333      5325995.53
    10000000   40000000    4        3.777621     10588674.72
    10000000   40000000    8        2.234157     17903844.72
    10000000   40000000   16        2.133238     18750837.93
    10000000   40000000   32        4.083005      9796706.10
    10000000   40000000   64        6.140612      6514008.70
