############################################################
# Benchmark Host: r28n01.pbm.ihost.com
# Number Of Processors: 64
#
# Number Of Scheduled Runs: 1
# Start Time: 02/23/2008 - 05:26:28
############################################################

#    VERTICS      EDGES NPROC  TIME(Sec) MEDGES/Sec   STEALS ATTEMPTS [Run: 1]

      250000    1000000     1   0.080000  12.500000        0        0
      250000    1000000     4   0.018700  53.475936       30      320
      250000    1000000     8   0.009500 105.263158       66     1492
      250000    1000000    12   0.007100 140.845070      123     2814
      250000    1000000    16   0.005400 185.185185       90     4360
      250000    1000000    20   0.004700 212.765957      224    15341
      250000    1000000    24   0.003800 263.157895      312    10684
      250000    1000000    28   0.003400 294.117647      313    28013
      250000    1000000    32   0.003300 303.030303      339    21158
      250000    1000000    36   0.003100 322.580645      478    11691
      250000    1000000    40   0.003000 333.333333      531    18644
      250000    1000000    44   0.002600 384.615385      527   125232
      250000    1000000    48   0.002700 370.370370      578    36392
      250000    1000000    52   0.002500 400.000000      655    38410
      250000    1000000    56   0.002900 344.827586      647    23254
      250000    1000000    60   0.002500 400.000000      763    33104
      250000    1000000    64   0.002900 344.827586      725    29633

#    VERTICS      EDGES NPROC  TIME(Sec) MEDGES/Sec   STEALS ATTEMPTS [Run: 1]

     1000000    4000000     1   0.356800  11.210762        0        0
     1000000    4000000     4   0.088200  45.351474       38      458
     1000000    4000000     8   0.043100  92.807425      145     2050
     1000000    4000000    12   0.026300 152.091255      194     4186
     1000000    4000000    16   0.020100 199.004975      293     6326
     1000000    4000000    20   0.016000 250.000000      243    10104
     1000000    4000000    24   0.013700 291.970803      314    11238
     1000000    4000000    28   0.012000 333.333333      400    32456
     1000000    4000000    32   0.010700 373.831776      415    24326
     1000000    4000000    36   0.010000 400.000000      463    29410
     1000000    4000000    40   0.009100 439.560440      498    49459
     1000000    4000000    44   0.008600 465.116279      608    33293
     1000000    4000000    48   0.007600 526.315789      597    47981
     1000000    4000000    52   0.007800 512.820513      748    32493
     1000000    4000000    56   0.007500 533.333333      823    31066
     1000000    4000000    60   0.006500 615.384615      801    73628
     1000000    4000000    64   0.006700 597.014925      948    37255

#    VERTICS      EDGES NPROC  TIME(Sec) MEDGES/Sec   STEALS ATTEMPTS [Run: 1]

     4000000   16000000     1   1.413600  11.318619        0        0
     4000000   16000000     4   0.359400  44.518642      355     1168
     4000000   16000000     8   0.177800  89.988751      223     5982
     4000000   16000000    12   0.112400 142.348754      348     5794
     4000000   16000000    16   0.084900 188.457008      458     8488
     4000000   16000000    20   0.067900 235.640648      634    16554
     4000000   16000000    24   0.056800 281.690141      596    17698
     4000000   16000000    28   0.047200 338.983051      724    20246
     4000000   16000000    32   0.042900 372.960373      585    33074
     4000000   16000000    36   0.038700 413.436693      736    33508
     4000000   16000000    40   0.036100 443.213296      696    57895
     4000000   16000000    44   0.033300 480.480480      743    42509
     4000000   16000000    48   0.030200 529.801325      697    46746
     4000000   16000000    52   0.026500 603.773585      601    52543
     4000000   16000000    56   0.025800 620.155039      824   110687
     4000000   16000000    60   0.024100 663.900415      937    78554
     4000000   16000000    64   0.023100 692.640693      808    98309

#    VERTICS      EDGES NPROC  TIME(Sec) MEDGES/Sec   STEALS ATTEMPTS [Run: 1]

     9000000   36000000     1   3.198000  11.257036        0        0
     9000000   36000000     4   0.816200  44.106837      183     2662
     9000000   36000000     8   0.411800  87.421078      643     8292
     9000000   36000000    12   0.274700 131.052057      857    21506
     9000000   36000000    16   0.208100 172.993753      877    34214
     9000000   36000000    20   0.166500 216.216216     1084    36015
     9000000   36000000    24   0.138300 260.303688     1180    26315
     9000000   36000000    28   0.117200 307.167235     1073    39620
     9000000   36000000    32   0.103600 347.490347     1189    37129
     9000000   36000000    36   0.089100 404.040404     1580    54749
     9000000   36000000    40   0.080000 450.000000     1382    40607
     9000000   36000000    44   0.072400 497.237569     1091    83344
     9000000   36000000    48   0.069600 517.241379     1141    75006
     9000000   36000000    52   0.066300 542.986425     1686   145602
     9000000   36000000    56   0.060000 600.000000     1010   126187
     9000000   36000000    60   0.056500 637.168142      965   132793
     9000000   36000000    64   0.054400 661.764706     1491    91567


############################################################
# End Time: 02/23/2008 - 06:18:58
############################################################
