############################################################
# Benchmark Host: moxie
# Number Of Processors: 32
#
# Number Of Scheduled Runs: 1
# Start Time: 02/18/2008 - 12:59:17
############################################################

#    VERTICS      EDGES NPROC  TIME(Sec) MEDGES/Sec   STEALS ATTEMPTS [Run: 1]

      250000    1000000     1   0.272300   3.672420        0        0
      250000    1000000     2   0.138900   7.199424        5       82
      250000    1000000     4   0.069100  14.471780       12      320
      250000    1000000     8   0.035700  28.011204       44     1352
      250000    1000000    16   0.020100  49.751244      139     6098
      250000    1000000    20   0.017400  57.471264      197     9061
      250000    1000000    24   0.014600  68.493151      278    14545
      250000    1000000    30   0.014600  68.493151      382    23808
      250000    1000000    32   0.014000  71.428571      367    24748

#    VERTICS      EDGES NPROC  TIME(Sec) MEDGES/Sec   STEALS ATTEMPTS [Run: 1]

     1000000    4000000     1   1.112300   3.596152        0        0
     1000000    4000000     2   0.572400   6.988120       15      234
     1000000    4000000     4   0.298600  13.395847       69      940
     1000000    4000000     8   0.159300  25.109856      195     3024
     1000000    4000000    16   0.087600  45.662100      342     9763
     1000000    4000000    20   0.072000  55.555556      427    14532
     1000000    4000000    24   0.065700  60.882801      511    16984
     1000000    4000000    30   0.055200  72.463768      594    32260
     1000000    4000000    32   0.056000  71.428571      771    35570

#    VERTICS      EDGES NPROC  TIME(Sec) MEDGES/Sec   STEALS ATTEMPTS [Run: 1]

     4000000   16000000     1   4.789600   3.340571        0        0
     4000000   16000000     2   2.566600   6.233928      371     1434
     4000000   16000000     4   1.312500  12.190476      538     3942
     4000000   16000000     8   0.705500  22.678951     2293    14757
     4000000   16000000    16   0.367700  43.513734     2996    35309
     4000000   16000000    20   0.322300  49.643190     3664    46474
     4000000   16000000    24   0.279700  57.204147     3150    49297
     4000000   16000000    30   0.234100  68.346860     5294    79356
     4000000   16000000    32   0.230500  69.414317     5071    79995

#    VERTICS      EDGES NPROC  TIME(Sec) MEDGES/Sec   STEALS ATTEMPTS [Run: 1]

     9000000   36000000     1  20.595200   1.747980        0        0
     9000000   36000000     2  10.419400   3.455093      305     1886
     9000000   36000000     4   5.364000   6.711409      407     6363
     9000000   36000000     8   2.830200  12.719949     1647    20016
     9000000   36000000    16   1.578800  22.802128     3061    50029
     9000000   36000000    20   1.324300  27.184173     2888    65975
     9000000   36000000    24   1.156200  31.136482     3474    81836
     9000000   36000000    30   1.004900  35.824460     4889   103790
     9000000   36000000    32   0.932800  38.593482     4131   111100


############################################################
# End Time: 02/24/2008 - 06:49:59
############################################################
