############################################################
# Benchmark Host: v20n180.pbm.ihost.com
# Number Of Processors: 16
# Usable Physical Memory: 63488 MBytes
# SMT Enabled: false
# SMT Threads: 2
#
# Number Of Scheduled Runs: 5
# Start Time: 10/06/2007 - 12:25:01
############################################################

# =================================================================
#   VERTICES      EDGES PROC  TIME(Sec)       EDGES/Sec [Run: 1]
# =================================================================

     1000000    4000000    1   1.194320      3349186.15
     1000000    4000000    2   0.640139      6248642.87
     1000000    4000000    3   0.436673      9160172.49
     1000000    4000000    4   0.334031     11974936.46
     1000000    4000000    5   0.277530     14412856.27
     1000000    4000000    6   0.243365     16436217.20
     1000000    4000000    7   0.233215     17151555.43
     1000000    4000000    8   0.234132     17084379.75
     1000000    4000000    9   0.231099     17308599.34
     1000000    4000000   10   0.230625     17344173.44
     1000000    4000000   11   0.236946     16881483.54
     1000000    4000000   12   0.237437     16846574.04
     1000000    4000000   13   0.236812     16891035.93
     1000000    4000000   14   0.244533     16357710.41
     1000000    4000000   15   0.245617     16285517.70
     1000000    4000000   16  43.752941        91422.43

# =================================================================
#   VERTICES      EDGES PROC  TIME(Sec)       EDGES/Sec [Run: 1]
# =================================================================

     2000000    8000000    2   1.463195      5467487.25
     2000000    8000000    3   1.014561      7885183.84
     2000000    8000000    4   0.765380     10452324.34
     2000000    8000000    5   0.627532     12748353.87
     2000000    8000000    6   0.546726     14632558.17
     2000000    8000000    7   0.500729     15976705.96
     2000000    8000000    8   0.483367     16550571.31
     2000000    8000000    9   0.463163     17272536.88
     2000000    8000000   10   0.445567     17954651.04
     2000000    8000000   11   0.447191     17889447.69
     2000000    8000000   12   0.438826     18230460.36
     2000000    8000000   13   0.471528     16966118.66
     2000000    8000000   14   0.481955     16599060.08
     2000000    8000000   15   0.481907     16600713.42
     2000000    8000000   16  65.679977       121802.72

# =================================================================
#   VERTICES      EDGES PROC  TIME(Sec)       EDGES/Sec [Run: 1]
# =================================================================

     3000000   12000000    2   2.468927      4860411.02
     3000000   12000000    3   1.669938      7185895.52
     3000000   12000000    4   1.269995      9448856.10
     3000000   12000000    5   1.035947     11583604.18
     3000000   12000000    6   0.886135     13541954.67
     3000000   12000000    7   0.797328     15050267.89
     3000000   12000000    8   0.758101     15829025.42
     3000000   12000000    9   0.730132     16435384.29
     3000000   12000000   10   0.687367     17457922.77
     3000000   12000000   11   0.667439     17979171.13
     3000000   12000000   12   0.664656     18054452.23
     3000000   12000000   13   0.676251     17744890.58
     3000000   12000000   14   0.695421     17255734.30
     3000000   12000000   15   0.697028     17215951.15
     3000000   12000000   16  63.818775       188032.44

# =================================================================
#   VERTICES      EDGES PROC  TIME(Sec)       EDGES/Sec [Run: 1]
# =================================================================

     4000000   16000000    3   2.388388      6699079.04
     4000000   16000000    4   1.826412      8760345.42
     4000000   16000000    5   1.479179     10816811.22
     4000000   16000000    6   1.252259     12776909.57
     4000000   16000000    7   1.113883     14364165.72
     4000000   16000000    8   1.045418     15304882.83
     4000000   16000000    9   1.010602     15832147.57
     4000000   16000000   10   0.950850     16827049.48
     4000000   16000000   11   0.894917     17878753.00
     4000000   16000000   12   0.884566     18087966.30
     4000000   16000000   13   0.876679     18250693.81
     4000000   16000000   14   0.895646     17864200.81
     4000000   16000000   15   0.928860     17225416.10
     4000000   16000000   16  97.238312       164544.20

# =================================================================
#   VERTICES      EDGES PROC  TIME(Sec)       EDGES/Sec [Run: 1]
# =================================================================

     5000000   20000000    4   2.385668      8383396.18
     5000000   20000000    5   1.936500     10327911.18
     5000000   20000000    6   1.642706     12175033.15
     5000000   20000000    7   1.462216     13677869.75
     5000000   20000000    8   1.346847     14849496.64
     5000000   20000000    9   1.301881     15362387.19
     5000000   20000000   10   1.225995     16313280.23
     5000000   20000000   11   1.152371     17355521.79
     5000000   20000000   12   1.111310     17996778.58
     5000000   20000000   13   1.088606     18372119.94
     5000000   20000000   14   1.109209     18030867.04
     5000000   20000000   15   1.129779     17702577.23
     5000000   20000000   16 101.249306       197532.22
