############################################################
# Benchmark Host: v20n38.pbm.ihost.com
# Number Of Processors: 16
# Usable Physical Memory: 63488 MBytes
# SMT Enabled: false
# SMT Threads: 2
#
# Number Of Scheduled Runs: 5
# Start Time: 10/02/2007 - 08:55:01
############################################################

# =================================================================
#   VERTICES      EDGES PROC  TIME(Sec)       EDGES/Sec [Run: 1]
# =================================================================

     1000000    4000000    1   1.812000      2207505.52
     1000000    4000000    2   0.893000      4479283.31
     1000000    4000000    3   0.604000      6622516.56
     1000000    4000000    4   0.452000      8849557.52
     1000000    4000000    5   0.355000     11267605.63
     1000000    4000000    6   0.304000     13157894.74
     1000000    4000000    7   0.267000     14981273.41
     1000000    4000000    8   0.233000     17167381.97
     1000000    4000000    9   0.204000     19607843.14
     1000000    4000000   10   0.185000     21621621.62
     1000000    4000000   11   0.169000     23668639.05
     1000000    4000000   12   0.156000     25641025.64
     1000000    4000000   13   0.143000     27972027.97
     1000000    4000000   14   0.133000     30075187.97
     1000000    4000000   15   0.125000     32000000.00
     1000000    4000000   16   0.119000     33613445.38

# =================================================================
#   VERTICES      EDGES PROC  TIME(Sec)       EDGES/Sec [Run: 1]
# =================================================================

     2000000    8000000    1   4.622000      1730852.44
     2000000    8000000    2   2.318000      3451251.08
     2000000    8000000    3   1.535000      5211726.38
     2000000    8000000    4   1.130000      7079646.02
     2000000    8000000    5   0.881000      9080590.24
     2000000    8000000    6   0.731000     10943912.45
     2000000    8000000    7   0.621000     12882447.67
     2000000    8000000    8   0.538000     14869888.48
     2000000    8000000    9   0.479000     16701461.38
     2000000    8000000   10   0.434000     18433179.72
     2000000    8000000   11   0.401000     19950124.69
     2000000    8000000   12   0.364000     21978021.98
     2000000    8000000   13   0.341000     23460410.56
     2000000    8000000   14   0.313000     25559105.43
     2000000    8000000   15   0.294000     27210884.35
     2000000    8000000   16   0.274000     29197080.29

# =================================================================
#   VERTICES      EDGES PROC  TIME(Sec)       EDGES/Sec [Run: 1]
# =================================================================

     3000000   12000000    1   7.393000      1623157.04
     3000000   12000000    2   3.703000      3240615.72
     3000000   12000000    3   2.455000      4887983.71
     3000000   12000000    4   1.829000      6560962.27
     3000000   12000000    5   1.434000      8368200.84
     3000000   12000000    6   1.181000     10160880.61
     3000000   12000000    7   1.009000     11892963.33
     3000000   12000000    8   0.874000     13729977.12
     3000000   12000000    9   0.779000     15404364.57
     3000000   12000000   10   0.707000     16973125.88
     3000000   12000000   11   0.644000     18633540.37
     3000000   12000000   12   0.595000     20168067.23
     3000000   12000000   13   0.547000     21937842.78
     3000000   12000000   14   0.507000     23668639.05
     3000000   12000000   15   0.475000     25263157.89
     3000000   12000000   16   0.444000     27027027.03

# =================================================================
#   VERTICES      EDGES PROC  TIME(Sec)       EDGES/Sec [Run: 1]
# =================================================================

     4000000   16000000    1  10.168000      1573564.12
     4000000   16000000    2   8.035000      1991288.11
     4000000   16000000    3   3.346000      4781829.05
     4000000   16000000    4   2.522000      6344171.29
     4000000   16000000    5   2.004000      7984031.94
     4000000   16000000    6   1.666000      9603841.54
     4000000   16000000    7   1.419000     11275546.16
     4000000   16000000    8   1.233000     12976480.13
     4000000   16000000    9   1.083000     14773776.55
     4000000   16000000   10   0.997000     16048144.43
     4000000   16000000   11   0.904000     17699115.04
     4000000   16000000   12   0.829000     19300361.88
     4000000   16000000   13   0.775000     20645161.29
     4000000   16000000   14   0.720000     22222222.22
     4000000   16000000   15   0.681000     23494860.50
     4000000   16000000   16   0.631000     25356576.86

# =================================================================
#   VERTICES      EDGES PROC  TIME(Sec)       EDGES/Sec [Run: 1]
# =================================================================

     5000000   20000000    1  12.991000      1539527.37
     5000000   20000000    2   6.671000      2998051.27
     5000000   20000000    3   4.353000      4594532.51
     5000000   20000000    4   3.320000      6024096.39
     5000000   20000000    5   2.613000      7654037.50
     5000000   20000000    6   2.157000      9272137.23
     5000000   20000000    7   1.848000     10822510.82
     5000000   20000000    8   1.610000     12422360.25
     5000000   20000000    9   1.433000     13956734.12
     5000000   20000000   10   1.287000     15540015.54
     5000000   20000000   11   1.178000     16977928.69
     5000000   20000000   12   1.083000     18467220.68
     5000000   20000000   13   1.000000     20000000.00
     5000000   20000000   14   0.928000     21551724.14
     5000000   20000000   15   0.870000     22988505.75
     5000000   20000000   16   0.816000     24509803.92
