############################################################
# Benchmark Host: v20n170.pbm.ihost.com
# Number Of Processors: 16
# Usable Physical Memory: 63488 MBytes
# SMT Enabled: false
# SMT Threads: 2
#
# Number Of Scheduled Runs: 1
# Start Time: 10/08/2007 - 08:14:21
############################################################

# =================================================================
#   VERTICES      EDGES PROC  TIME(Sec)       EDGES/Sec [Run: 1]
# =================================================================

     5000000   20000000    1  10.564000      1893222.26
     5000000   20000000    2   6.035000      3314001.66
     5000000   20000000    3   4.325000      4624277.46
     5000000   20000000    4   3.343000      5982650.31
     5000000   20000000    5   2.780000      7194244.60
     5000000   20000000    6   2.345000      8528784.65
     5000000   20000000    7   2.081000      9610764.06
     5000000   20000000    8   1.872000     10683760.68
     5000000   20000000    9   1.690000     11834319.53
     5000000   20000000   10   1.536000     13020833.33
     5000000   20000000   11   1.465000     13651877.13
     5000000   20000000   12   1.353000     14781966.00
     5000000   20000000   13   1.254000     15948963.32
     5000000   20000000   14   1.181000     16934801.02
     5000000   20000000   15   1.119000     17873100.98
     5000000   20000000   16   1.088000     18382352.94

# =================================================================
#   VERTICES      EDGES PROC  TIME(Sec)       EDGES/Sec [Run: 1]
# =================================================================

     6000000   24000000    1  13.188000      1819836.21
     6000000   24000000    2   7.425000      3232323.23
     6000000   24000000    3   5.220000      4597701.15
     6000000   24000000    4   4.100000      5853658.54
     6000000   24000000    5   3.333000      7200720.07
     6000000   24000000    6   2.819000      8513657.33
     6000000   24000000    7   2.451000      9791921.66
     6000000   24000000    8   2.209000     10864644.64
     6000000   24000000    9   2.006000     11964107.68
     6000000   24000000   10   1.835000     13079019.07
     6000000   24000000   11   1.683000     14260249.55
     6000000   24000000   12   1.580000     15189873.42
     6000000   24000000   13   1.481000     16205266.71
     6000000   24000000   14   1.413000     16985138.00
     6000000   24000000   15   1.348000     17804154.30
     6000000   24000000   16   1.286000     18662519.44

# =================================================================
#   VERTICES      EDGES PROC  TIME(Sec)       EDGES/Sec [Run: 1]
# =================================================================

     7000000   28000000    1  15.220000      1839684.63
     7000000   28000000    2   8.613000      3250899.80
     7000000   28000000    3   6.144000      4557291.67
     7000000   28000000    4   4.718000      5934718.10
     7000000   28000000    5   3.896000      7186858.32
     7000000   28000000    6   3.313000      8451554.48
     7000000   28000000    7   2.905000      9638554.22
     7000000   28000000    8   2.640000     10606060.61
     7000000   28000000    9   2.383000     11749895.09
     7000000   28000000   10   2.172000     12891344.38
     7000000   28000000   11   2.055000     13625304.14
     7000000   28000000   12   1.866000     15005359.06
     7000000   28000000   13   1.774000     15783540.02
     7000000   28000000   14   1.678000     16686531.59
     7000000   28000000   15   1.590000     17610062.89
     7000000   28000000   16   1.543000     18146467.92
