############################################################
# Benchmark Host: moxie
# Number Of Processors: 32
#
# Number Of Scheduled Runs: 1
# Start Time: 02/18/2008 - 03:10:17
############################################################


#    VERTICS      EDGES PROCS  TIME(Sec) MEDGES/Sec [Run: 1]



      250000    1000000     1   0.915923   1.091795
      250000    1000000     2   0.571627   1.749393
      250000    1000000     4   0.516597   1.935745
      250000    1000000     8   0.601793   1.661701
      250000    1000000    16   0.619624   1.613882
      250000    1000000    20   0.640166   1.562095
      250000    1000000    24   0.630122   1.586994
      250000    1000000    30   0.601915   1.661364
      250000    1000000    32   0.584181   1.711798


     1000000    4000000     1  10.169851   0.393319
     1000000    4000000     2   5.158053   0.775486
     1000000    4000000     4   2.928355   1.365955
     1000000    4000000     8   1.945713   2.055802
     1000000    4000000    16   1.729959   2.312194
     1000000    4000000    20   1.773847   2.254986
     1000000    4000000    24   1.613971   2.478359
     1000000    4000000    30   1.744403   2.293048
     1000000    4000000    32   1.663984   2.403869


     4000000   16000000     1  85.273347   0.187632
     4000000   16000000     2  42.800666   0.373826
     4000000   16000000     4  22.369733   0.715252
     4000000   16000000     8  12.401854   1.290130
     4000000   16000000    16   8.181617   1.955604
     4000000   16000000    20   7.045552   2.270936
     4000000   16000000    24   6.414022   2.494535
     4000000   16000000    30   7.180158   2.228363
     4000000   16000000    32   5.709582   2.802307


     9000000   36000000     1 211.939360   0.169860
     9000000   36000000     2 106.386641   0.338388
     9000000   36000000     4  54.592812   0.659427
     9000000   36000000     8  30.195290   1.192239
     9000000   36000000    16  18.289192   1.968376
     9000000   36000000    20  16.137342   2.230851
     9000000   36000000    24  15.949439   2.257133
     9000000   36000000    30  13.194067   2.728499
     9000000   36000000    32  12.644851   2.847009


############################################################
# End Time: 02/18/2008 - 04:07:21
############################################################
