############################################################
# Benchmark Host: altair
# Number Of Processors: 8
#
# Number Of Scheduled Runs: 3
# Start Time: 02/17/2008 - 08:47:13
############################################################


#    VERTICS      EDGES PROCS  TIME(Sec) MEDGES/Sec [Run: 1]



      250000    1000000     1   0.061622  16.227971
      250000    1000000     2   0.063332  15.789806
      250000    1000000     4   0.063364  15.781832
      250000    1000000     6   0.081717  12.237356
      250000    1000000     8   0.067796  14.750133


     1000000    4000000     1   0.276956  14.442727
     1000000    4000000     2   0.306207  13.063059
     1000000    4000000     4   0.343740  11.636702
     1000000    4000000     6   0.338794  11.806585
     1000000    4000000     8   0.289700  13.807387


     4000000   16000000     1   1.870169   8.555377
     4000000   16000000     2   1.791099   8.933063
     4000000   16000000     4   2.017042   7.932408
     4000000   16000000     6   1.986227   8.055474
     4000000   16000000     8   2.228410   7.180007


     9000000   36000000     1   5.471064   6.580073
     9000000   36000000     2   5.257718   6.847077
     9000000   36000000     4   5.167084   6.967179
     9000000   36000000     6   5.512813   6.530241
     9000000   36000000     8   5.503082   6.541789


#    VERTICS      EDGES PROCS  TIME(Sec) MEDGES/Sec [Run: 2]



      250000    1000000     1   0.061496  16.261220
      250000    1000000     2   0.068281  14.645363
      250000    1000000     4   0.061901  16.154828
      250000    1000000     6   0.061882  16.159788
      250000    1000000     8   0.068580  14.581511


     1000000    4000000     1   0.282223  14.173189
     1000000    4000000     2   0.315560  12.675878
     1000000    4000000     4   0.320749  12.470811
     1000000    4000000     6   0.282958  14.136374
     1000000    4000000     8   0.325974  12.270917


     4000000   16000000     1   1.723667   9.282535
     4000000   16000000     2   1.968213   8.129201
     4000000   16000000     4   2.002887   7.988469
     4000000   16000000     6   1.971377   8.116154
     4000000   16000000     8   1.986706   8.053532


     9000000   36000000     1   4.631480   7.772893
     9000000   36000000     2   4.813832   7.478450
     9000000   36000000     4   5.614393   6.412091
     9000000   36000000     6   5.475863   6.574306
     9000000   36000000     8   5.498849   6.546825


#    VERTICS      EDGES PROCS  TIME(Sec) MEDGES/Sec [Run: 3]



      250000    1000000     1   0.061306  16.311617
      250000    1000000     2   0.066746  14.982171
      250000    1000000     4   0.063047  15.861183
      250000    1000000     6   0.062077  16.109026
      250000    1000000     8   0.072775  13.740982


     1000000    4000000     1   0.282341  14.167266
     1000000    4000000     2   0.300979  13.289964
     1000000    4000000     4   0.321903  12.426104
     1000000    4000000     6   0.340248  11.756131
     1000000    4000000     8   0.299462  13.357287


     4000000   16000000     1   1.864447   8.581633
     4000000   16000000     2   1.968421   8.128342
     4000000   16000000     4   2.016707   7.933726
     4000000   16000000     6   2.015171   7.939773
     4000000   16000000     8   2.121805   7.540750


     9000000   36000000     1   4.608045   7.812424
     9000000   36000000     2   4.730766   7.609761
     9000000   36000000     4   5.334132   6.748989
     9000000   36000000     6   5.266799   6.835271
     9000000   36000000     8   5.421430   6.640314


############################################################
# End Time: 02/17/2008 - 08:53:33
############################################################
