############################################################
# Benchmark Host: altair
# Number Of Processors: 8
#
# Number Of Scheduled Runs: 2
# Start Time: 01/21/2008 - 05:41:05
############################################################
#
# Run: 1
#


#    VERTICS      EDGES PROCS  TIME(Sec)       EDGES/Sec [Run: 1]

      100000     400000     1   0.064063      6243853.71
      100000     400000     2   0.039807     10048483.93
      100000     400000     4   0.039843     10039404.66
      100000     400000     8   0.045590      8773853.92
     1000000    4000000     1   1.024956      3902606.55
     1000000    4000000     2   0.653244      6123286.25
     1000000    4000000     4   0.414906      9640737.90
     1000000    4000000     8   0.380181     10521304.33
     5000000   20000000     1   6.484707      3084179.44
     5000000   20000000     2   3.780868      5289790.60
     5000000   20000000     4   2.411897      8292228.07
     5000000   20000000     8   2.162644      9247939.10


#    VERTICS      EDGES PROCS  TIME(Sec)       EDGES/Sec [Run: 2]

      100000     400000     1   0.064208      6229753.30
      100000     400000     2   0.044686      8951349.42
      100000     400000     4   0.040271      9932705.92
      100000     400000     8   0.044363      9016522.78
     1000000    4000000     1   1.019098      3925039.59
     1000000    4000000     2   0.651239      6142138.29
     1000000    4000000     4   0.401432      9964327.71
     1000000    4000000     8   0.377362     10599901.42
     5000000   20000000     1   6.407827      3121182.89
     5000000   20000000     2   3.807342      5253008.53
     5000000   20000000     4   2.380248      8402485.79
     5000000   20000000     8   2.145079      9323665.93
