############################################################
# Benchmark Host: v20n32.pbm.ihost.com
# Number Of Processors: 16
#
# Number Of Scheduled Runs: 3
# Start Time: 02/22/2008 - 03:02:55
############################################################

#    VERTICS      EDGES PROC Time(Secs) MEDGES/Sec [Run: 1]


      250000    1000000    1   0.079558  12.569446
      250000    1000000    2   0.049593  20.164136
      250000    1000000    4   0.030132  33.187309
      250000    1000000    6   0.025175  39.721946
      250000    1000000    8   0.023449  42.645742
      250000    1000000   10   0.023290  42.936883
      250000    1000000   12   0.023626  42.326251
      250000    1000000   14   0.025169  39.731416
      250000    1000000   16   0.024281  41.184465


     1000000    4000000    1   0.690212   5.795321
     1000000    4000000    2   0.353064  11.329391
     1000000    4000000    4   0.192122  20.820104
     1000000    4000000    6   0.144077  27.762932
     1000000    4000000    8   0.124333  32.171668
     1000000    4000000   10   0.120261  33.260991
     1000000    4000000   12   0.115845  34.528896
     1000000    4000000   14   0.118291  33.814914
     1000000    4000000   16   0.113683  35.185560


     4000000   16000000    1   4.352237   3.676270
     4000000   16000000    2   2.138598   7.481537
     4000000   16000000    4   1.177249  13.591008
     4000000   16000000    6   0.808728  19.784155
     4000000   16000000    8   0.680547  23.510500
     4000000   16000000   10   0.616789  25.940800
     4000000   16000000   12   0.585253  27.338604
     4000000   16000000   14   0.579121  27.628078
     4000000   16000000   16   0.545818  29.313801


     9000000   36000000    1  12.314527   2.923377
     9000000   36000000    2   6.317236   5.698695
     9000000   36000000    4   3.265437  11.024558
     9000000   36000000    6   2.273322  15.835856
     9000000   36000000    8   1.988463  18.104435
     9000000   36000000   10   1.615676  22.281695
     9000000   36000000   12   1.516301  23.741988
     9000000   36000000   14   1.463910  24.591676
     9000000   36000000   16   1.358332  26.503093

#    VERTICS      EDGES PROC Time(Secs) MEDGES/Sec [Run: 2]


      250000    1000000    1   0.086312  11.585875
      250000    1000000    2   0.049575  20.171457
      250000    1000000    4   0.030343  32.956530
      250000    1000000    6   0.025192  39.695141
      250000    1000000    8   0.023559  42.446623
      250000    1000000   10   0.023286  42.944258
      250000    1000000   12   0.024033  41.609454
      250000    1000000   14   0.024734  40.430177
      250000    1000000   16   0.024336  41.091387


     1000000    4000000    1   0.687984   5.814089
     1000000    4000000    2   0.353769  11.306813
     1000000    4000000    4   0.192034  20.829645
     1000000    4000000    6   0.144904  27.604483
     1000000    4000000    8   0.123989  32.260926
     1000000    4000000   10   0.120714  33.136173
     1000000    4000000   12   0.115040  34.770515
     1000000    4000000   14   0.117286  34.104667
     1000000    4000000   16   0.113275  35.312293


     4000000   16000000    1   4.540276   3.524015
     4000000   16000000    2   2.129043   7.515114
     4000000   16000000    4   1.181849  13.538109
     4000000   16000000    6   0.805032  19.874986
     4000000   16000000    8   0.685563  23.338482
     4000000   16000000   10   0.619098  25.844051
     4000000   16000000   12   0.586409  27.284711
     4000000   16000000   14   0.580149  27.579122
     4000000   16000000   16   0.542465  29.494990


     9000000   36000000    1  12.075550   2.981231
     9000000   36000000    2   6.451019   5.580514
     9000000   36000000    4   3.295696  10.923338
     9000000   36000000    6   2.200420  16.360513
     9000000   36000000    8   1.980560  18.176677
     9000000   36000000   10   1.606815  22.404571
     9000000   36000000   12   1.513420  23.787184
     9000000   36000000   14   1.445005  24.913409
     9000000   36000000   16   1.369760  26.281976

#    VERTICS      EDGES PROC Time(Secs) MEDGES/Sec [Run: 3]


      250000    1000000    1   0.092441  10.817711
      250000    1000000    2   0.049859  20.056559
      250000    1000000    4   0.030324  32.977180
      250000    1000000    6   0.025247  39.608666
      250000    1000000    8   0.023750  42.105263
      250000    1000000   10   0.023479  42.591252
      250000    1000000   12   0.024092  41.507554
      250000    1000000   14   0.025162  39.742469
      250000    1000000   16   0.024284  41.179377


     1000000    4000000    1   0.702513   5.693845
     1000000    4000000    2   0.362067  11.047679
     1000000    4000000    4   0.189946  21.058617
     1000000    4000000    6   0.147153  27.182592
     1000000    4000000    8   0.124023  32.252082
     1000000    4000000   10   0.121979  32.792530
     1000000    4000000   12   0.114935  34.802280
     1000000    4000000   14   0.117535  34.032416
     1000000    4000000   16   0.113846  35.135183


     4000000   16000000    1   4.395098   3.640419
     4000000   16000000    2   2.213824   7.227313
     4000000   16000000    4   1.183731  13.516584
     4000000   16000000    6   0.818333  19.551943
     4000000   16000000    8   0.685245  23.349313
     4000000   16000000   10   0.606137  26.396673
     4000000   16000000   12   0.577758  27.693256
     4000000   16000000   14   0.576422  27.757442
     4000000   16000000   16   0.548185  29.187227


     9000000   36000000    1  12.462428   2.888683
     9000000   36000000    2   6.244291   5.765266
     9000000   36000000    4   3.235727  11.125784
     9000000   36000000    6   2.240113  16.070618
     9000000   36000000    8   1.973326  18.243311
     9000000   36000000   10   1.617629  22.254794
     9000000   36000000   12   1.492498  24.120635
     9000000   36000000   14   1.466888  24.541751
     9000000   36000000   16   1.374334  26.194506


############################################################
# End Time: 02/22/2008 - 05:49:45
############################################################
