############################################################
# Benchmark Host: r28n01.pbm.ihost.com
# Number Of Processors: 64
# Usable Physical Memory: 513792 MBytes
# SMT Enabled: false
# SMT Threads: 2
#
# Number Of Scheduled Runs: 1
# Start Time: 01/14/2008 - 02:32:54
############################################################
# =================================================================
#   VERTICES      EDGES PROC  TIME(Sec)       EDGES/Sec [Run: 1]
# =================================================================
      100000     300000    1   0.069447      4319833.32
      100000     300000    2   0.067052      4474133.94
      100000     300000    4   0.034455      8707031.13
      100000     300000    8   0.023245     12906235.60
      100000     300000   16   0.017616     17030118.73
      100000     300000   32   0.021083     14229172.97
      100000     300000   64   0.024095     12450755.70
     1000000    3000000    1   1.649507      1818725.33
     1000000    3000000    2   0.810552      3701179.52
     1000000    3000000    4   0.407527      7361467.76
     1000000    3000000    8   0.228111     13151473.01
     1000000    3000000   16   0.131149     22874825.05
     1000000    3000000   32   0.109544     27386372.75
     1000000    3000000   64   0.125834     23840845.00
    10000000   30000000    1  25.643187      1169901.41
    10000000   30000000    2  11.676812      2569194.35
    10000000   30000000    4   5.900308      5084480.23
    10000000   30000000    8   2.967287     10110245.95
    10000000   30000000   16   1.572407     19079028.91
    10000000   30000000   32   1.126632     26628040.93
    10000000   30000000   64   0.819821     36593346.59
      100000     400000    1   0.071295      5610497.05
      100000     400000    2   0.062718      6377732.94
      100000     400000    4   0.035777     11180343.84
      100000     400000    8   0.019516     20495744.93
      100000     400000   16   0.013673     29254887.52
      100000     400000   32   0.018655     21441627.85
      100000     400000   64   0.050000      7999988.64
     1000000    4000000    1   1.655008      2416906.61
     1000000    4000000    2   0.822626      4862476.58
     1000000    4000000    4   0.399752     10006216.31
     1000000    4000000    8   0.221535     18055802.31
     1000000    4000000   16   0.133273     30013639.92
     1000000    4000000   32   0.114793     34845292.04
     1000000    4000000   64   0.096704     41363280.79
    10000000   40000000    1  23.672180      1689747.20
    10000000   40000000    2  12.018236      3328275.43
    10000000   40000000    4   5.876624      6806628.71
    10000000   40000000    8   2.949329     13562406.11
    10000000   40000000   16   1.601105     24982742.17
    10000000   40000000   32   0.829340     48231136.63
    10000000   40000000   64   0.905169     44190650.47
