
# =================================================================
#   VERTICES      EDGES PROC  MEDGES/Sec 
# =================================================================
      100000     400000    1   7.22
      100000     400000    2  11.56 
      100000     400000    4  22.17
      100000     400000    8  22.90
     1000000    4000000    1   6.11
     1000000    4000000    2  11.81
     1000000    4000000    4  18.93
     1000000    4000000    8  22.69
     5000000   20000000    1   5.26
     5000000   20000000    2   9.52
     5000000   20000000    4  19.11
     5000000   20000000    8  18.95
    10000000   40000000    1   4.51
    10000000   40000000    2   8.27
    10000000   40000000    4  15.83
    10000000   40000000    8  28.40
