CXXFLAGS = -q64  -qarch=pwr5  -qtune=pwr5 -O3 -qinline
declare -x MP_EUIDEVICE="sn_all"
declare -x MP_EUILIB="us"
declare -x MP_MSG_API="lapi"
declare -x MP_TASK_AFFINITY="MCM"
declare -x LAPI_USE_SHM="yes"
==========GUPS===========
PROCS   X10LIB  X10C    HPCC
1       0.00441 0.00546 0.00405
2       0.00847 0.00878 0.00735
4       0.01734 0.01666 0.01451
8       0.03446 0.03312 0.02705
16      0.06776 0.06581 0.04751
32      0.10435 0.10158 0.07127
64      0.14619 0.14397 0.09476
128     0.17673 0.17480 0.10472
256     0.35169 0.37580 0.14375
512     0.40286 0.41971 0.16660
1024    0.25639 0.25739 0.12453
==========TIME(Seconds)===========
PROCS   X10LIB  X10C    HPCC
1       60.82   49.18    66.16
2       63.40   61.12    73.02
4       61.91   64.47    73.92
8       62.32   64.84    79.32
16      63.39   65.27    90.34
32      82.32   84.56    120.42
64      117.52  119.33   181.72
128     194.42  196.57   327.88
256     195.40  182.86   477.73
512     341.16  327.46   824.51
1024    1072.09 1067.95  2206.07
