############################################################
# Benchmark Host: altair
# Number Of Processors: 8
#
# Number Of Scheduled Runs: 3
# Start Time: 02/17/2008 - 09:51:16
############################################################

#    VERTICS      EDGES NPROC  TIME(Sec) MEDGES/Sec   STEALS ATTEMPTS [Run: 1]

      250000    1000000     1   0.125000   8.000000        0        0
      250000    1000000     2   0.069000  14.492754        9       58
      250000    1000000     4   0.036000  27.777778       23      253
      250000    1000000     6   0.026400  37.878788       27      544
      250000    1000000     8   0.021900  45.662100       47      987

#    VERTICS      EDGES NPROC  TIME(Sec) MEDGES/Sec   STEALS ATTEMPTS [Run: 1]

     1000000    4000000     1   0.668800   5.980861        0        0
     1000000    4000000     2   0.305200  13.106160        4       60
     1000000    4000000     4   0.160700  24.891101       45      436
     1000000    4000000     6   0.117000  34.188034       31      552
     1000000    4000000     8   0.096300  41.536864       93     1428

#    VERTICS      EDGES NPROC  TIME(Sec) MEDGES/Sec   STEALS ATTEMPTS [Run: 1]

     4000000   16000000     1   3.292200   4.859972        0        0
     4000000   16000000     2   1.857600   8.613264       31       92
     4000000   16000000     4   0.964000  16.597510       63      642
     4000000   16000000     6   0.680600  23.508669      344     2556
     4000000   16000000     8   0.571000  28.021016      135     2094

#    VERTICS      EDGES NPROC  TIME(Sec) MEDGES/Sec   STEALS ATTEMPTS [Run: 1]

     9000000   36000000     1   8.920300   4.035739        0        0
     9000000   36000000     2   4.597900   7.829661       76      366
     9000000   36000000     4   2.361800  15.242612      160     1370
     9000000   36000000     6   1.681700  21.406910      476     3437
     9000000   36000000     8   1.355500  26.558466      380     4500

#    VERTICS      EDGES NPROC  TIME(Sec) MEDGES/Sec   STEALS ATTEMPTS [Run: 2]

      250000    1000000     1   0.113800   8.787346        0        0
      250000    1000000     2   0.068200  14.662757       18       74
      250000    1000000     4   0.035000  28.571429       26      226
      250000    1000000     6   0.024600  40.650407       35      502
      250000    1000000     8   0.022200  45.045045       45      848

#    VERTICS      EDGES NPROC  TIME(Sec) MEDGES/Sec   STEALS ATTEMPTS [Run: 2]

     1000000    4000000     1   0.663500   6.028636        0        0
     1000000    4000000     2   0.313100  12.775471        8       42
     1000000    4000000     4   0.167700  23.852117       38      340
     1000000    4000000     6   0.113300  35.304501       42      605
     1000000    4000000     8   0.096700  41.365047      103     1534

#    VERTICS      EDGES NPROC  TIME(Sec) MEDGES/Sec   STEALS ATTEMPTS [Run: 2]

     4000000   16000000     1   3.405100   4.698834        0        0
     4000000   16000000     2   1.867900   8.565769       72      260
     4000000   16000000     4   0.959300  16.678828       85      713
     4000000   16000000     6   0.665400  24.045687      337     2284
     4000000   16000000     8   0.616000  25.974026      120     2533

#    VERTICS      EDGES NPROC  TIME(Sec) MEDGES/Sec   STEALS ATTEMPTS [Run: 2]

     9000000   36000000     1   8.980300   4.008775        0        0
     9000000   36000000     2   4.589000   7.844846      149      510
     9000000   36000000     4   2.314800  15.552100      120     1224
     9000000   36000000     6   1.658300  21.708979      600     3946
     9000000   36000000     8   1.386300  25.968405      313     3922

#    VERTICS      EDGES NPROC  TIME(Sec) MEDGES/Sec   STEALS ATTEMPTS [Run: 3]

      250000    1000000     1   0.117000   8.547009        0        0
      250000    1000000     2   0.067900  14.727541       13       64
      250000    1000000     4   0.035400  28.248588       16      268
      250000    1000000     6   0.025700  38.910506       33      592
      250000    1000000     8   0.021300  46.948357       22      775

#    VERTICS      EDGES NPROC  TIME(Sec) MEDGES/Sec   STEALS ATTEMPTS [Run: 3]

     1000000    4000000     1   0.581600   6.877579        0        0
     1000000    4000000     2   0.316900  12.622278       10       48
     1000000    4000000     4   0.162200  24.660912       41      378
     1000000    4000000     6   0.117900  33.927057      103     1067
     1000000    4000000     8   0.097900  40.858018       67     1420

#    VERTICS      EDGES NPROC  TIME(Sec) MEDGES/Sec   STEALS ATTEMPTS [Run: 3]

     4000000   16000000     1   3.532600   4.529242        0        0
     4000000   16000000     2   1.846700   8.664104       10       50
     4000000   16000000     4   0.958100  16.699718      167      854
     4000000   16000000     6   0.666100  24.020417      155     1676
     4000000   16000000     8   0.547500  29.223744      144     2332

#    VERTICS      EDGES NPROC  TIME(Sec) MEDGES/Sec   STEALS ATTEMPTS [Run: 3]

     9000000   36000000     1   8.474400   4.248088        0        0
     9000000   36000000     2   4.577500   7.864555       43      298
     9000000   36000000     4   2.375000  15.157895      101     1215
     9000000   36000000     6   1.633500  22.038567       88     2048
     9000000   36000000     8   1.383800  26.015320      375     4328


############################################################
# End Time: 02/17/2008 - 10:58:29
############################################################
