############################################################
# Benchmark Host: v20n33.pbm.ihost.com
# Number Of Processors: 16
#
# Number Of Scheduled Runs: 3
# Start Time: 02/22/2008 - 03:04:46
############################################################

#    VERTICS      EDGES PROC Time(Secs) MEDGES/Sec [Run: 1]


      250000    1000000    1   0.067646  14.782840
      250000    1000000    2   0.039657  25.216229
      250000    1000000    4   0.023082  43.323802
      250000    1000000    6   0.016662  60.016805
      250000    1000000    8   0.013909  71.895895
      250000    1000000   10   0.012479  80.134626
      250000    1000000   12   0.011733  85.229694
      250000    1000000   14   0.011961  83.605050
      250000    1000000   16   0.012494  80.038418


     1000000    4000000    1   0.575738   6.947605
     1000000    4000000    2   0.294646  13.575613
     1000000    4000000    4   0.143089  27.954630
     1000000    4000000    6   0.096260  41.554124
     1000000    4000000    8   0.072815  54.933736
     1000000    4000000   10   0.060242  66.398858
     1000000    4000000   12   0.052350  76.408787
     1000000    4000000   14   0.047070  84.979817
     1000000    4000000   16   0.043376  92.216894


     4000000   16000000    1   3.725519   4.294704
     4000000   16000000    2   1.762304   9.079024
     4000000   16000000    4   0.861358  18.575319
     4000000   16000000    6   0.561006  28.520194
     4000000   16000000    8   0.428505  37.339121
     4000000   16000000   10   0.343886  46.527047
     4000000   16000000   12   0.291703  54.850310
     4000000   16000000   14   0.254378  62.898521
     4000000   16000000   16   0.227163  70.434006


     9000000   36000000    1  10.212276   3.525169
     9000000   36000000    2   5.142626   7.000315
     9000000   36000000    4   2.353855  15.294060
     9000000   36000000    6   1.595591  22.562173
     9000000   36000000    8   1.182980  30.431622
     9000000   36000000   10   0.897599  40.106997
     9000000   36000000   12   0.811230  44.377057
     9000000   36000000   14   0.701284  51.334409
     9000000   36000000   16   0.621278  57.945075

#    VERTICS      EDGES PROC Time(Secs) MEDGES/Sec [Run: 2]


      250000    1000000    1   0.078477  12.742587
      250000    1000000    2   0.042208  23.692191
      250000    1000000    4   0.023274  42.966400
      250000    1000000    6   0.016714  59.830083
      250000    1000000    8   0.013826  72.327499
      250000    1000000   10   0.012567  79.573486
      250000    1000000   12   0.011982  83.458521
      250000    1000000   14   0.011938  83.766125
      250000    1000000   16   0.012339  81.043845


     1000000    4000000    1   0.576857   6.934128
     1000000    4000000    2   0.295738  13.525485
     1000000    4000000    4   0.143724  27.831121
     1000000    4000000    6   0.097423  41.058066
     1000000    4000000    8   0.074062  54.008803
     1000000    4000000   10   0.061246  65.310388
     1000000    4000000   12   0.052191  76.641567
     1000000    4000000   14   0.047195  84.754741
     1000000    4000000   16   0.043471  92.015367


     4000000   16000000    1   3.759246   4.256173
     4000000   16000000    2   1.793293   8.922134
     4000000   16000000    4   0.865746  18.481171
     4000000   16000000    6   0.569830  28.078550
     4000000   16000000    8   0.423969  37.738608
     4000000   16000000   10   0.344486  46.446009
     4000000   16000000   12   0.290181  55.138000
     4000000   16000000   14   0.253006  63.239607
     4000000   16000000   16   0.226322  70.695734


     9000000   36000000    1  10.554332   3.410922
     9000000   36000000    2   5.187384   6.939914
     9000000   36000000    4   2.456069  14.657569
     9000000   36000000    6   1.603802  22.446661
     9000000   36000000    8   1.189694  30.259882
     9000000   36000000   10   0.956840  37.623845
     9000000   36000000   12   0.808773  44.511872
     9000000   36000000   14   0.695602  51.753733
     9000000   36000000   16   0.615906  58.450478

#    VERTICS      EDGES PROC Time(Secs) MEDGES/Sec [Run: 3]


      250000    1000000    1   0.076923  13.000013
      250000    1000000    2   0.041983  23.819165
      250000    1000000    4   0.023217  43.071887
      250000    1000000    6   0.017027  58.730252
      250000    1000000    8   0.014163  70.606510
      250000    1000000   10   0.012496  80.025608
      250000    1000000   12   0.011681  85.609109
      250000    1000000   14   0.011940  83.752094
      250000    1000000   16   0.012013  83.243153


     1000000    4000000    1   0.578460   6.914912
     1000000    4000000    2   0.289670  13.808817
     1000000    4000000    4   0.144209  27.737520
     1000000    4000000    6   0.100121  39.951658
     1000000    4000000    8   0.073077  54.736784
     1000000    4000000   10   0.060161  66.488257
     1000000    4000000   12   0.053005  75.464579
     1000000    4000000   14   0.047227  84.697313
     1000000    4000000   16   0.043713  91.505959


     4000000   16000000    1   3.907530   4.094658
     4000000   16000000    2   1.800031   8.888736
     4000000   16000000    4   0.876355  18.257441
     4000000   16000000    6   0.565955  28.270799
     4000000   16000000    8   0.427612  37.417098
     4000000   16000000   10   0.343899  46.525288
     4000000   16000000   12   0.290350  55.105907
     4000000   16000000   14   0.257572  62.118553
     4000000   16000000   16   0.225138  71.067523


     9000000   36000000    1  11.405104   3.156482
     9000000   36000000    2   5.152970   6.986262
     9000000   36000000    4   2.328949  15.457616
     9000000   36000000    6   1.589159  22.653492
     9000000   36000000    8   1.179119  30.531270
     9000000   36000000   10   0.917574  39.233893
     9000000   36000000   12   0.803056  44.828754
     9000000   36000000   14   0.694703  51.820706
     9000000   36000000   16   0.617020  58.344948


############################################################
# End Time: 02/22/2008 - 06:11:08
############################################################
