############################################################
# Benchmark Host: altair
# Number Of Processors: 8
#
# Number Of Scheduled Runs: 1
# Start Time: 02/26/2008 - 06:55:00
############################################################

#    VERTICS      EDGES NPROC  TIME(Sec) MEDGES/Sec   STEALS ATTEMPTS [Run: 1]

      250000    1000000     1   0.166900   5.991612        0        0
      250000    1000000     2   0.135900   7.358352       87      288
      250000    1000000     4   0.095600  10.460251      172     7848
      250000    1000000     6   0.053500  18.691589      673     9335
      250000    1000000     8   0.037000  27.027027     1062   201902

#    VERTICS      EDGES NPROC  TIME(Sec) MEDGES/Sec   STEALS ATTEMPTS [Run: 1]

     1000000    4000000     1   1.133600   3.528582        0        0
     1000000    4000000     2   0.667600   5.991612      271     1296
     1000000    4000000     4   0.443200   9.025271     7436    75267
     1000000    4000000     6   0.304100  13.153568     4393    31144
     1000000    4000000     8   0.269500  14.842301     4550   318194

#    VERTICS      EDGES NPROC  TIME(Sec) MEDGES/Sec   STEALS ATTEMPTS [Run: 1]

     4000000   16000000     1   5.974800   2.677914        0        0
     4000000   16000000     2   3.297600   4.852014     1143     3292
     4000000   16000000     4   2.228400   7.180039     7956    39683
     4000000   16000000     6   1.291300  12.390614    10108   228191
     4000000   16000000     8   1.202300  13.307827    18253   826576

#    VERTICS      EDGES NPROC  TIME(Sec) MEDGES/Sec   STEALS ATTEMPTS [Run: 1]

     9000000   36000000     1  14.098800   2.553409        0        0
     9000000   36000000     2   7.195800   5.002918      524     2404
     9000000   36000000     4   3.920500   9.182502     4547   223448
     9000000   36000000     6   2.773200  12.981393     4863   807111
     9000000   36000000     8   2.217700  16.233034    11373  1143814
