############################################################
# Benchmark Host: v20n23.pbm.ihost.com
# Number Of Processors: 16
# Usable Physical Memory: 63488 MBytes
# SMT Enabled: false
# SMT Threads: 2
#
# Number Of Scheduled Runs: 3
# Start Time: 01/11/2008 - 02:25:27
############################################################


#    VERTICS      EDGES PARTS PROCS  TIME(Sec)       EDGES/Sec [Run: 1]

      100000     300000    64     1   0.014948     20069574.53
      100000     300000    64     2   0.010839     27677830.06
      100000     300000    64     4   0.007234     41470832.18
      100000     300000    64     8   0.004996     60048038.43
      100000     300000    64    16   0.004299     69783670.62
     1000000    3000000    64     1   0.450045      6666000.07
     1000000    3000000    64     2   0.226848     13224714.35
     1000000    3000000    64     4   0.115900     25884383.09
     1000000    3000000    64     8   0.062893     47700062.01
     1000000    3000000    64    16   0.034956     85822176.45
    10000000   30000000    64     1   8.840445      3393494.33
    10000000   30000000    64     2   4.053312      7401354.74
    10000000   30000000    64     4   1.929954     15544411.94
    10000000   30000000    64     8   0.942083     31844327.94
    10000000   30000000    64    16   0.550179     54527708.25
      100000     400000    64     1   0.018452     21677866.90
      100000     400000    64     2   0.012136     32959789.06
      100000     400000    64     4   0.007576     52798310.45
      100000     400000    64     8   0.005022     79649542.02
      100000     400000    64    16   0.004401     90888434.45
     1000000    4000000    64     1   0.490509      8154794.31
     1000000    4000000    64     2   0.238138     16796983.26
     1000000    4000000    64     4   0.127697     31324150.14
     1000000    4000000    64     8   0.065354     61205128.99
     1000000    4000000    64    16   0.042510     94095506.94
    10000000   40000000    64     1  10.350760      3864450.53
    10000000   40000000    64     2   4.872684      8209028.12
    10000000   40000000    64     4   2.261811     17684943.61
    10000000   40000000    64     8   1.073658     37255811.44
    10000000   40000000    64    16   0.601542     66495772.53
      100000     300000   128     1   0.015762     19033117.62
      100000     300000   128     2   0.011770     25488530.16
      100000     300000   128     4   0.007583     39562178.56
      100000     300000   128     8   0.005094     58892815.08
      100000     300000   128    16   0.004582     65473592.32
     1000000    3000000   128     1   0.451724      6641223.40
     1000000    3000000   128     2   0.224349     13372023.05
     1000000    3000000   128     4   0.115409     25994506.49
     1000000    3000000   128     8   0.060519     49571209.04
     1000000    3000000   128    16   0.035927     83502658.17
    10000000   30000000   128     1   7.826670      3833047.77
    10000000   30000000   128     2   3.997267      7505127.88
    10000000   30000000   128     4   1.956340     15334757.76
    10000000   30000000   128     8   0.939491     31932184.56
    10000000   30000000   128    16   0.475386     63106612.31
      100000     400000   128     1   0.019011     21040450.27
      100000     400000   128     2   0.011951     33470002.51
      100000     400000   128     4   0.007788     51361068.31
      100000     400000   128     8   0.004923     81251269.55
      100000     400000   128    16   0.004282     93414292.39
     1000000    4000000   128     1   0.492134      8127867.61
     1000000    4000000   128     2   0.248396     16103318.89
     1000000    4000000   128     4   0.125741     31811421.89
     1000000    4000000   128     8   0.065905     60693422.35
     1000000    4000000   128    16   0.037644    106258633.51
    10000000   40000000   128     1   9.377731      4265424.12
    10000000   40000000   128     2   4.805859      8323173.86
    10000000   40000000   128     4   2.265667     17654845.13
    10000000   40000000   128     8   1.073263     37269522.94
    10000000   40000000   128    16   0.566103     70658519.74


#    VERTICS      EDGES PARTS PROCS  TIME(Sec)       EDGES/Sec [Run: 2]

      100000     300000    64     1   0.016917     17733640.72
      100000     300000    64     2   0.011275     26607538.80
      100000     300000    64     4   0.006960     43103448.28
      100000     300000    64     8   0.005018     59784774.81
      100000     300000    64    16   0.004863     61690314.62
     1000000    3000000    64     1   0.448005      6696353.84
     1000000    3000000    64     2   0.226413     13250122.56
     1000000    3000000    64     4   0.114653     26165909.31
     1000000    3000000    64     8   0.060079     49934253.23
     1000000    3000000    64    16   0.035924     83509631.44
    10000000   30000000    64     1   8.642481      3471225.45
    10000000   30000000    64     2   3.977236      7542926.80
    10000000   30000000    64     4   1.975940     15182647.25
    10000000   30000000    64     8   0.947013     31678551.40
    10000000   30000000    64    16   0.493711     60764293.28
      100000     400000    64     1   0.018454     21675517.50
      100000     400000    64     2   0.012346     32399157.62
      100000     400000    64     4   0.007788     51361068.31
      100000     400000    64     8   0.004846     82542302.93
      100000     400000    64    16   0.003988    100300902.71
     1000000    4000000    64     1   0.489143      8177567.71
     1000000    4000000    64     2   0.244764     16342272.56
     1000000    4000000    64     4   0.127563     31357054.95
     1000000    4000000    64     8   0.065551     61021189.61
     1000000    4000000    64    16   0.037623    106317943.81
    10000000   40000000    64     1  10.408984      3842834.23
    10000000   40000000    64     2   4.614492      8668343.12
    10000000   40000000    64     4   2.251830     17763330.27
    10000000   40000000    64     8   1.072853     37283765.81
    10000000   40000000    64    16   0.557606     71735239.58
      100000     300000   128     1   0.016456     18230432.67
      100000     300000   128     2   0.011460     26178010.47
      100000     300000   128     4   0.007515     39920159.68
      100000     300000   128     8   0.005149     58263740.53
      100000     300000   128    16   0.004579     65516488.32
     1000000    3000000   128     1   0.447131      6709443.09
     1000000    3000000   128     2   0.217807     13773662.00
     1000000    3000000   128     4   0.114871     26116252.14
     1000000    3000000   128     8   0.060839     49310475.19
     1000000    3000000   128    16   0.034736     86365730.08
    10000000   30000000   128     1   9.022643      3324968.08
    10000000   30000000   128     2   4.136521      7252471.34
    10000000   30000000   128     4   1.931009     15535919.30
    10000000   30000000   128     8   0.942788     31820515.32
    10000000   30000000   128    16   0.497226     60334737.12
      100000     400000   128     1   0.018327     21825721.61
      100000     400000   128     2   0.012311     32491267.97
      100000     400000   128     4   0.007596     52659294.37
      100000     400000   128     8   0.005037     79412348.62
      100000     400000   128    16   0.004053     98692326.67
     1000000    4000000   128     1   0.492693      8118645.89
     1000000    4000000   128     2   0.246229     16245040.19
     1000000    4000000   128     4   0.127428     31390275.29
     1000000    4000000   128     8   0.065964     60639136.50
     1000000    4000000   128    16   0.039389    101551194.50
    10000000   40000000   128     1   9.910025      4036316.76
    10000000   40000000   128     2   4.768445      8388478.84
    10000000   40000000   128     4   2.213132     18073933.23
    10000000   40000000   128     8   1.070117     37379090.32
    10000000   40000000   128    16   0.552626     72381683.09


#    VERTICS      EDGES PARTS PROCS  TIME(Sec)       EDGES/Sec [Run: 3]

      100000     300000    64     1   0.016719     17943656.92
      100000     300000    64     2   0.011382     26357406.43
      100000     300000    64     4   0.007162     41887740.85
      100000     300000    64     8   0.005029     59654006.76
      100000     300000    64    16   0.004535     66152149.94
     1000000    3000000    64     1   0.454216      6604787.15
     1000000    3000000    64     2   0.227848     13166672.52
     1000000    3000000    64     4   0.115915     25881033.52
     1000000    3000000    64     8   0.061824     48524844.72
     1000000    3000000    64    16   0.034609     86682654.80
    10000000   30000000    64     1   8.386216      3577298.75
    10000000   30000000    64     2   4.258377      7044937.54
    10000000   30000000    64     4   1.977646     15169550.06
    10000000   30000000    64     8   0.950007     31578714.68
    10000000   30000000    64    16   0.530035     56600035.85
      100000     400000    64     1   0.017801     22470647.72
      100000     400000    64     2   0.011977     33397344.91
      100000     400000    64     4   0.007573     52819226.20
      100000     400000    64     8   0.004851     82457225.31
      100000     400000    64    16   0.004111     97299927.03
     1000000    4000000    64     1   0.483488      8273214.64
     1000000    4000000    64     2   0.249515     16031100.33
     1000000    4000000    64     4   0.123544     32377128.80
     1000000    4000000    64     8   0.066061     60550097.64
     1000000    4000000    64    16   0.037060    107933081.49
    10000000   40000000    64     1   9.938245      4024855.50
    10000000   40000000    64     2   4.714717      8484072.32
    10000000   40000000    64     4   2.237102     17880275.46
    10000000   40000000    64     8   1.075727     37184155.46
    10000000   40000000    64    16   0.556983     71815477.31
      100000     300000   128     1   0.017445     17196904.56
      100000     300000   128     2   0.011471     26152907.33
      100000     300000   128     4   0.007589     39530899.99
      100000     300000   128     8   0.005014     59832469.09
      100000     300000   128    16   0.004184     71701720.84
     1000000    3000000   128     1   0.448149      6694202.15
     1000000    3000000   128     2   0.228628     13121752.37
     1000000    3000000   128     4   0.115739     25920389.84
     1000000    3000000   128     8   0.060576     49524564.18
     1000000    3000000   128    16   0.034598     86710214.46
    10000000   30000000   128     1   8.618044      3481068.33
    10000000   30000000   128     2   4.141591      7243593.10
    10000000   30000000   128     4   1.987753     15092418.42
    10000000   30000000   128     8   0.958180     31309357.32
    10000000   30000000   128    16   0.514767     58278794.10
      100000     400000   128     1   0.018085     22117777.16
      100000     400000   128     2   0.011320     35335689.05
      100000     400000   128     4   0.007537     53071513.86
      100000     400000   128     8   0.005000     80000000.00
      100000     400000   128    16   0.004597     87013269.52
     1000000    4000000   128     1   0.491842      8132693.02
     1000000    4000000   128     2   0.245924     16265187.62
     1000000    4000000   128     4   0.127059     31481437.76
     1000000    4000000   128     8   0.066388     60251852.74
     1000000    4000000   128    16   0.042840     93370681.61
    10000000   40000000   128     1   9.327596      4288350.40
    10000000   40000000   128     2   4.539088      8812342.92
    10000000   40000000   128     4   2.235331     17894441.58
    10000000   40000000   128     8   1.072972     37279630.78
    10000000   40000000   128    16   0.560409     71376441.13
