############################################################
# Benchmark Host: v20n34.pbm.ihost.com
# Number Of Processors: 16
#
# Number Of Scheduled Runs: 3
# Start Time: 02/22/2008 - 03:31:13
############################################################


#    VERTICS      EDGES PROCS  TIME(Sec) MEDGES/Sec [Run: 1]



      250000    1000000     1   0.184309   5.425671
      250000    1000000     2   0.098050  10.198878
      250000    1000000     4   0.051776  19.313968
      250000    1000000     6   0.041272  24.229502
      250000    1000000     8   0.032728  30.554877
      250000    1000000    10   0.028222  35.433350
      250000    1000000    12   0.023602  42.369291
      250000    1000000    14   0.024148  41.411297
      250000    1000000    16   0.023212  43.081165


     1000000    4000000     1   0.972141   4.114629
     1000000    4000000     2   0.513870   7.784070
     1000000    4000000     4   0.270325  14.797004
     1000000    4000000     6   0.193304  20.692795
     1000000    4000000     8   0.151401  26.419905
     1000000    4000000    10   0.125743  31.810916
     1000000    4000000    12   0.109590  36.499681
     1000000    4000000    14   0.097371  41.079993
     1000000    4000000    16   0.089024  44.931704


     4000000   16000000     1   6.132703   2.608964
     4000000   16000000     2   3.075532   5.202352
     4000000   16000000     4   1.484890  10.775209
     4000000   16000000     6   1.029649  15.539276
     4000000   16000000     8   0.832859  19.210935
     4000000   16000000    10   0.718970  22.254058
     4000000   16000000    12   0.586401  27.285083
     4000000   16000000    14   0.516960  30.950170
     4000000   16000000    16   0.466387  34.306274


     9000000   36000000     1  21.894870   1.644221
     9000000   36000000     2  10.512507   3.424492
     9000000   36000000     4   5.074543   7.094235
     9000000   36000000     6   3.390735  10.617167
     9000000   36000000     8   2.513096  14.324960
     9000000   36000000    10   2.168706  16.599760
     9000000   36000000    12   1.885223  19.095884
     9000000   36000000    14   1.716462  20.973374
     9000000   36000000    16   1.438526  25.025616


#    VERTICS      EDGES PROCS  TIME(Sec) MEDGES/Sec [Run: 2]



      250000    1000000     1   0.206227   4.849026
      250000    1000000     2   0.100195   9.980538
      250000    1000000     4   0.057387  17.425549
      250000    1000000     6   0.038134  26.223318
      250000    1000000     8   0.033609  29.753935
      250000    1000000    10   0.028319  35.311981
      250000    1000000    12   0.025525  39.177277
      250000    1000000    14   0.021316  46.913117
      250000    1000000    16   0.023043  43.397127


     1000000    4000000     1   0.974477   4.104766
     1000000    4000000     2   0.506175   7.902405
     1000000    4000000     4   0.271872  14.712806
     1000000    4000000     6   0.190828  20.961285
     1000000    4000000     8   0.150267  26.619284
     1000000    4000000    10   0.135020  29.625241
     1000000    4000000    12   0.110296  36.266048
     1000000    4000000    14   0.096170  41.593012
     1000000    4000000    16   0.096806  41.319753


     4000000   16000000     1   6.120507   2.614163
     4000000   16000000     2   3.067586   5.215828
     4000000   16000000     4   1.589456  10.066337
     4000000   16000000     6   1.123709  14.238562
     4000000   16000000     8   0.779398  20.528664
     4000000   16000000    10   0.674448  23.723104
     4000000   16000000    12   0.590538  27.093938
     4000000   16000000    14   0.545829  29.313210
     4000000   16000000    16   0.431829  37.051703


     9000000   36000000     1  21.822799   1.649651
     9000000   36000000     2   9.985527   3.605218
     9000000   36000000     4   5.075423   7.093005
     9000000   36000000     6   3.624336   9.932854
     9000000   36000000     8   2.511675  14.333065
     9000000   36000000    10   2.333383  15.428243
     9000000   36000000    12   1.884655  19.101639
     9000000   36000000    14   1.723348  20.889571
     9000000   36000000    16   1.618969  22.236374


#    VERTICS      EDGES PROCS  TIME(Sec) MEDGES/Sec [Run: 3]



      250000    1000000     1   0.205132   4.874910
      250000    1000000     2   0.101242   9.877324
      250000    1000000     4   0.056912  17.570987
      250000    1000000     6   0.041371  24.171521
      250000    1000000     8   0.030638  32.639206
      250000    1000000    10   0.029524  33.870749
      250000    1000000    12   0.023677  42.235080
      250000    1000000    14   0.023963  41.731002
      250000    1000000    16   0.023463  42.620296


     1000000    4000000     1   0.980635   4.078990
     1000000    4000000     2   0.515408   7.760842
     1000000    4000000     4   0.267587  14.948409
     1000000    4000000     6   0.193842  20.635363
     1000000    4000000     8   0.149057  26.835372
     1000000    4000000    10   0.123027  32.513188
     1000000    4000000    12   0.110800  36.101083
     1000000    4000000    14   0.097536  41.010499
     1000000    4000000    16   0.092841  43.084413


     4000000   16000000     1   6.095105   2.625057
     4000000   16000000     2   3.091562   5.175377
     4000000   16000000     4   1.491357  10.728484
     4000000   16000000     6   1.027746  15.568049
     4000000   16000000     8   0.851122  18.798715
     4000000   16000000    10   0.673264  23.764823
     4000000   16000000    12   0.627927  25.480669
     4000000   16000000    14   0.513062  31.185315
     4000000   16000000    16   0.434547  36.819953


     9000000   36000000     1  21.803866   1.651083
     9000000   36000000     2  10.143428   3.549096
     9000000   36000000     4   5.019071   7.172642
     9000000   36000000     6   3.438157  10.470726
     9000000   36000000     8   2.482933  14.498982
     9000000   36000000    10   2.157092  16.689135
     9000000   36000000    12   2.062522  17.454359
     9000000   36000000    14   1.852036  19.438067
     9000000   36000000    16   1.539040  23.391205


############################################################
# End Time: 02/22/2008 - 03:36:40
############################################################
