############################################################
# Benchmark Host: v20n44.pbm.ihost.com
# Number Of Processors: 16
#
# Number Of Scheduled Runs: 3
# Start Time: 02/21/2008 - 02:55:14
############################################################


#    VERTICS      EDGES PROCS  TIME(Sec) MEDGES/Sec [Run: 1]



      250000    1000000     1   0.086181  11.603486
      250000    1000000     2   0.055264  18.094962
      250000    1000000     4   0.029287  34.144842
      250000    1000000     6   0.021498  46.515955
      250000    1000000     8   0.017034  58.706117
      250000    1000000    10   0.014663  68.198868
      250000    1000000    12   0.012928  77.351485
      250000    1000000    14   0.011539  86.662622
      250000    1000000    16   0.010583  94.491165


     1000000    4000000     1   0.599765   6.669279
     1000000    4000000     2   0.305527  13.092133
     1000000    4000000     4   0.158503  25.236115
     1000000    4000000     6   0.109009  36.694218
     1000000    4000000     8   0.081733  48.939841
     1000000    4000000    10   0.070699  56.577887
     1000000    4000000    12   0.060940  65.638333
     1000000    4000000    14   0.052792  75.769056
     1000000    4000000    16   0.052029  76.880201


     4000000   16000000     1   3.515370   4.551441
     4000000   16000000     2   1.766773   9.056059
     4000000   16000000     4   0.904236  17.694496
     4000000   16000000     6   0.605662  26.417375
     4000000   16000000     8   0.451019  35.475224
     4000000   16000000    10   0.390118  41.013232
     4000000   16000000    12   0.330815  48.365401
     4000000   16000000    14   0.282844  56.568285
     4000000   16000000    16   0.234186  68.321761


     9000000   36000000     1  10.419448   3.455077
     9000000   36000000     2   5.176422   6.954611
     9000000   36000000     4   2.582388  13.940585
     9000000   36000000     6   1.717721  20.958002
     9000000   36000000     8   1.276614  28.199597
     9000000   36000000    10   1.101037  32.696449
     9000000   36000000    12   0.922105  39.041107
     9000000   36000000    14   0.795872  45.233404
     9000000   36000000    16   0.783205  45.964977


#    VERTICS      EDGES PROCS  TIME(Sec) MEDGES/Sec [Run: 2]



      250000    1000000     1   0.098731  10.128531
      250000    1000000     2   0.052545  19.031306
      250000    1000000     4   0.029140  34.317090
      250000    1000000     6   0.020915  47.812575
      250000    1000000     8   0.016903  59.161096
      250000    1000000    10   0.014706  67.999456
      250000    1000000    12   0.012739  78.499097
      250000    1000000    14   0.011883  84.153833
      250000    1000000    16   0.010636  94.020308


     1000000    4000000     1   0.599931   6.667433
     1000000    4000000     2   0.301707  13.257896
     1000000    4000000     4   0.157134  25.455980
     1000000    4000000     6   0.109732  36.452448
     1000000    4000000     8   0.081765  48.920687
     1000000    4000000    10   0.071915  55.621219
     1000000    4000000    12   0.061293  65.260307
     1000000    4000000    14   0.054402  73.526709
     1000000    4000000    16   0.045796  87.343873


     4000000   16000000     1   3.602766   4.441032
     4000000   16000000     2   1.766886   9.055480
     4000000   16000000     4   0.880832  18.164644
     4000000   16000000     6   0.608117  26.310726
     4000000   16000000     8   0.452423  35.365134
     4000000   16000000    10   0.388677  41.165286
     4000000   16000000    12   0.335608  47.674668
     4000000   16000000    14   0.282723  56.592495
     4000000   16000000    16   0.238963  66.955972


     9000000   36000000     1  10.796247   3.334492
     9000000   36000000     2   5.184293   6.944052
     9000000   36000000     4   2.532622  14.214518
     9000000   36000000     6   1.742106  20.664644
     9000000   36000000     8   1.256528  28.650376
     9000000   36000000    10   1.076260  33.449167
     9000000   36000000    12   0.928811  38.759231
     9000000   36000000    14   0.792316  45.436417
     9000000   36000000    16   0.689978  52.175577


#    VERTICS      EDGES PROCS  TIME(Sec) MEDGES/Sec [Run: 3]



      250000    1000000     1   0.103294   9.681104
      250000    1000000     2   0.051534  19.404665
      250000    1000000     4   0.029334  34.090134
      250000    1000000     6   0.021900  45.662100
      250000    1000000     8   0.017129  58.380524
      250000    1000000    10   0.014471  69.103725
      250000    1000000    12   0.012911  77.453334
      250000    1000000    14   0.011704  85.440875
      250000    1000000    16   0.010546  94.822682


     1000000    4000000     1   0.598818   6.679826
     1000000    4000000     2   0.307496  13.008299
     1000000    4000000     4   0.155023  25.802623
     1000000    4000000     6   0.110182  36.303570
     1000000    4000000     8   0.081732  48.940439
     1000000    4000000    10   0.070572  56.679703
     1000000    4000000    12   0.060977  65.598504
     1000000    4000000    14   0.052534  76.141166
     1000000    4000000    16   0.062576  63.922271


     4000000   16000000     1   3.590897   4.455711
     4000000   16000000     2   1.807062   8.854151
     4000000   16000000     4   0.848934  18.847166
     4000000   16000000     6   0.610450  26.210173
     4000000   16000000     8   0.453068  35.314787
     4000000   16000000    10   0.387671  41.272110
     4000000   16000000    12   0.336063  47.610121
     4000000   16000000    14   0.273926  58.409936
     4000000   16000000    16   0.235020  68.079312


     9000000   36000000     1  11.795033   3.052132
     9000000   36000000     2   5.130886   7.016332
     9000000   36000000     4   2.601726  13.836968
     9000000   36000000     6   1.656747  21.729329
     9000000   36000000     8   1.276497  28.202181
     9000000   36000000    10   1.092516  32.951462
     9000000   36000000    12   0.937829  38.386529
     9000000   36000000    14   0.788597  45.650694
     9000000   36000000    16   0.655530  54.917395


############################################################
# End Time: 02/21/2008 - 03:39:37
############################################################
