############################################################
# Benchmark Host: altair
# Number Of Processors: 8
#
# Number Of Scheduled Runs: 2
# Start Time: 01/21/2008 - 06:08:48
############################################################
#
# Run: 1
#


#    VERTICS      EDGES PROCS  TIME(Sec)       EDGES/Sec [Run: 1]

       90000     360000     1   0.049195      7317816.85
       90000     360000     2   0.035794     10057551.54
       90000     360000     4   0.039236      9175247.22
       90000     360000     8   0.038911      9251882.50
      810000    3240000     1   0.557839      5808127.43
      810000    3240000     2   0.361934      8951908.36
      810000    3240000     4   0.368583      8790421.70
      810000    3240000     8   0.417180      7766431.76
     2250000    9000000     1   2.041042      4409512.40
     2250000    9000000     2   1.319795      6819240.87
     2250000    9000000     4   1.254806      7172423.47
     2250000    9000000     8   1.412787      6370387.04
     4410000   17640000     1   4.657831      3787170.47
     4410000   17640000     2   2.968190      5943015.78
     4410000   17640000     4   2.859530      6168845.93
     4410000   17640000     8   3.156673      5588161.97


#    VERTICS      EDGES PROCS  TIME(Sec)       EDGES/Sec [Run: 2]

       90000     360000     1   0.049964      7205187.74
       90000     360000     2   0.034465     10445379.37
       90000     360000     4   0.039296      9161237.79
       90000     360000     8   0.038242      9413733.59
      810000    3240000     1   0.570891      5675339.08
      810000    3240000     2   0.372180      8705465.10
      810000    3240000     4   0.379457      8538516.88
      810000    3240000     8   0.427546      7578131.94
     2250000    9000000     1   2.082748      4321214.09
     2250000    9000000     2   1.235858      7282390.05
     2250000    9000000     4   1.221685      7366874.44
     2250000    9000000     8   1.314112      6848731.31
     4410000   17640000     1   4.842629      3642649.48
     4410000   17640000     2   2.803027      6293196.60
     4410000   17640000     4   3.032121      5817709.78
     4410000   17640000     8   2.797615      6305370.82
