############################################################
# Benchmark Host: moxie
# Number Of Processors: 32
#
# Number Of Scheduled Runs: 3
# Start Time: 01/17/2008 - 01:56:40
############################################################
#
# Run: 1
#

# ===========================================================================
# [Run: 1] (Timings[COLS 4/8]: Seconds)
#   VERTICES      EDGES PROC      SV[Random]       EDGES/Sec
# ===========================================================================

      100000     400000    1        0.457911       873532.19
      100000     400000    2        0.239432      1670620.47
      100000     400000    4        0.124836      3204203.92
      100000     400000    8        0.084639      4725953.76
      100000     400000   16        0.043876      9116601.33
      100000     400000   32        0.050458      7927385.15
     1000000    4000000    1        7.004720       571043.52
     1000000    4000000    2        3.773626      1059988.46
     1000000    4000000    4        2.377301      1682580.37
     1000000    4000000    8        1.347067      2969414.29
     1000000    4000000   16        0.747563      5350719.60
     1000000    4000000   32        0.656451      6093371.78
    10000000   40000000    1      192.777695       207492.88
    10000000   40000000    2       99.900033       400400.27
    10000000   40000000    4       60.939025       656393.83
    10000000   40000000    8       28.102807      1423345.36
    10000000   40000000   16       15.728110      2543217.21
    10000000   40000000   32       10.662850      3751342.28

# ===========================================================================
# [Run: 2] (Timings[COLS 4/8]: Seconds)
#   VERTICES      EDGES PROC      SV[Random]       EDGES/Sec
# ===========================================================================

      100000     400000    1        0.456892       875480.42
      100000     400000    2        0.241538      1656054.12
      100000     400000    4        0.124572      3210994.44
      100000     400000    8        0.082589      4843260.00
      100000     400000   16        0.054270      7370554.63
      100000     400000   32        0.051166      7817691.44
     1000000    4000000    1        7.046109       567689.20
     1000000    4000000    2        3.786547      1056371.41
     1000000    4000000    4        2.349276      1702652.22
     1000000    4000000    8        1.352041      2958490.16
     1000000    4000000   16        0.771793      5182736.82
     1000000    4000000   32        0.647753      6175193.32
    10000000   40000000    1      192.725052       207549.56
    10000000   40000000    2       99.858113       400568.35
    10000000   40000000    4       60.834660       657519.91
    10000000   40000000    8       27.822068      1437707.65
    10000000   40000000   16       15.638223      2557835.38
    10000000   40000000   32       10.308549      3880274.52

# ===========================================================================
# [Run: 3] (Timings[COLS 4/8]: Seconds)
#   VERTICES      EDGES PROC      SV[Random]       EDGES/Sec
# ===========================================================================

      100000     400000    1        0.456990       875292.68
      100000     400000    2        0.238807      1674992.78
      100000     400000    4        0.124008      3225598.35
      100000     400000    8        0.067839      5896313.33
      100000     400000   16        0.053328      7500750.08
      100000     400000   32        0.049807      8030999.66
     1000000    4000000    1        7.020060       569795.70
     1000000    4000000    2        3.771567      1060567.13
     1000000    4000000    4        2.345745      1705215.19
     1000000    4000000    8        1.318482      3033791.89
     1000000    4000000   16        0.891470      4486970.96
     1000000    4000000   32        0.661576      6046168.54
    10000000   40000000    1      192.764684       207506.89
    10000000   40000000    2       99.926946       400292.43
    10000000   40000000    4       61.072939       654954.56
    10000000   40000000    8       27.589090      1449848.47
    10000000   40000000   16       15.426471      2592945.59
    10000000   40000000   32       10.470053      3820420.01
