############################################################
# Benchmark Host: altair
# Number Of Processors: 8
#
# Number Of Scheduled Runs: 3
# Start Time: 02/17/2008 - 05:10:00
############################################################

#    VERTICS      EDGES PROC Time(Secs) MEDGES/Sec [Run: 1]


      250000    1000000    1   0.078977  12.661914
      250000    1000000    2   0.052460  19.062143
      250000    1000000    4   0.039576  25.267839
      250000    1000000    6   0.036073  27.721565
      250000    1000000    8   0.031905  31.343050


     1000000    4000000    1   0.417595   9.578659
     1000000    4000000    2   0.266420  15.013888
     1000000    4000000    4   0.227205  17.605246
     1000000    4000000    6   0.213373  18.746514
     1000000    4000000    8   0.203853  19.621983


     4000000   16000000    1   2.550778   6.272596
     4000000   16000000    2   1.541187  10.381608
     4000000   16000000    4   0.841346  19.017146
     4000000   16000000    6   1.110401  14.409209
     4000000   16000000    8   0.512459  31.222010


     9000000   36000000    1   8.603366   4.184409
     9000000   36000000    2   4.356918   8.262721
     9000000   36000000    4   2.403915  14.975571
     9000000   36000000    6   2.783089  12.935267
     9000000   36000000    8   1.491303  24.139964

#    VERTICS      EDGES PROC Time(Secs) MEDGES/Sec [Run: 2]


      250000    1000000    1   0.098721  10.129557
      250000    1000000    2   0.052213  19.152318
      250000    1000000    4   0.040077  24.951967
      250000    1000000    6   0.036570  27.344818
      250000    1000000    8   0.033579  29.780518


     1000000    4000000    1   0.426749   9.373191
     1000000    4000000    2   0.266193  15.026691
     1000000    4000000    4   0.222048  18.014123
     1000000    4000000    6   0.211558  18.907345
     1000000    4000000    8   0.206844  19.338245


     4000000   16000000    1   2.551624   6.270516
     4000000   16000000    2   1.528740  10.466136
     4000000   16000000    4   0.839020  19.069867
     4000000   16000000    6   0.609754  26.240090
     4000000   16000000    8   0.500259  31.983433


     9000000   36000000    1   8.094136   4.447664
     9000000   36000000    2   4.418804   8.147001
     9000000   36000000    4   2.364616  15.224459
     9000000   36000000    6   1.790048  20.111193
     9000000   36000000    8   2.796449  12.873469

#    VERTICS      EDGES PROC Time(Secs) MEDGES/Sec [Run: 3]


      250000    1000000    1   0.079839  12.525207
      250000    1000000    2   0.053722  18.614348
      250000    1000000    4   0.041561  24.061019
      250000    1000000    6   0.035482  28.183304
      250000    1000000    8   0.032466  30.801454


     1000000    4000000    1   0.428701   9.330512
     1000000    4000000    2   0.312231  12.811028
     1000000    4000000    4   0.222426  17.983509
     1000000    4000000    6   0.212370  18.835052
     1000000    4000000    8   0.206973  19.326192


     4000000   16000000    1   2.895720   5.525396
     4000000   16000000    2   1.540222  10.388113
     4000000   16000000    4   0.838764  19.075688
     4000000   16000000    6   1.074101  14.896178
     4000000   16000000    8   0.505398  31.658218


     9000000   36000000    1   6.934347   5.191549
     9000000   36000000    2   4.193258   8.585210
     9000000   36000000    4   2.455204  14.662733
     9000000   36000000    6   1.776576  20.263698
     9000000   36000000    8   1.448319  24.856402


############################################################
# End Time: 02/17/2008 - 06:06:11
############################################################
