############################################################
# Benchmark Host: v20n29.pbm.ihost.com
# Number Of Processors: 16
#
# Number Of Scheduled Runs: 3
# Start Time: 02/22/2008 - 06:03:36
############################################################

#    VERTICS      EDGES NPROC  TIME(Sec) MEDGES/Sec [Run: 1]

      250000    1000000     1   0.491036   2.036510
      250000    1000000     2   0.233067   4.290606
      250000    1000000     4   0.111455   8.972252
      250000    1000000     6   0.077306  12.935686
      250000    1000000     8   0.061300  16.313155
      250000    1000000    10   0.050290  19.884606
      250000    1000000    12   0.039423  25.365884
      250000    1000000    14   0.035974  27.798193
      250000    1000000    16   0.034999  28.572054

#    VERTICS      EDGES NPROC  TIME(Sec) MEDGES/Sec [Run: 1]

     1000000    4000000     1   2.726699   1.466975
     1000000    4000000     2   1.384308   2.889531
     1000000    4000000     4   0.724393   5.521866
     1000000    4000000     6   0.474565   8.428766
     1000000    4000000     8   0.340564  11.745217
     1000000    4000000    10   0.308590  12.962179
     1000000    4000000    12   0.265516  15.064983
     1000000    4000000    14   0.220312  18.156053
     1000000    4000000    16   0.193215  20.702312

#    VERTICS      EDGES NPROC  TIME(Sec) MEDGES/Sec [Run: 1]

     4000000   16000000     1  21.361279   0.749019
     4000000   16000000     2   9.428684   1.696949
     4000000   16000000     4   5.756769   2.779337
     4000000   16000000     6   3.591428   4.455053
     4000000   16000000     8   3.090100   5.177826
     4000000   16000000    10   2.670110   5.992262
     4000000   16000000    12   2.670615   5.991129
     4000000   16000000    14   2.134512   7.495860
     4000000   16000000    16   2.563972   6.240317

#    VERTICS      EDGES NPROC  TIME(Sec) MEDGES/Sec [Run: 1]

     9000000   36000000     1  71.413685   0.504105
     9000000   36000000     2  34.968917   1.029486
     9000000   36000000     4  18.403976   1.956099
     9000000   36000000     6  12.842207   2.803257
     9000000   36000000     8  10.051068   3.581709
     9000000   36000000    10   7.507264   4.795355
     9000000   36000000    12   7.873508   4.572295
     9000000   36000000    14   7.269321   4.952319
     9000000   36000000    16   6.897238   5.219481

#    VERTICS      EDGES NPROC  TIME(Sec) MEDGES/Sec [Run: 2]

      250000    1000000     1   0.504541   1.981998
      250000    1000000     2   0.223065   4.483003
      250000    1000000     4   0.102741   9.733166
      250000    1000000     6   0.069869  14.312566
      250000    1000000     8   0.058189  17.185289
      250000    1000000    10   0.043315  23.086475
      250000    1000000    12   0.034875  28.673724
      250000    1000000    14   0.039933  25.041834
      250000    1000000    16   0.038162  26.204149

#    VERTICS      EDGES NPROC  TIME(Sec) MEDGES/Sec [Run: 2]

     1000000    4000000     1   2.719899   1.470643
     1000000    4000000     2   1.443942   2.770195
     1000000    4000000     4   0.723240   5.530671
     1000000    4000000     6   0.471826   8.477696
     1000000    4000000     8   0.340832  11.735995
     1000000    4000000    10   0.306386  13.055410
     1000000    4000000    12   0.261619  15.289383
     1000000    4000000    14   0.220706  18.123692
     1000000    4000000    16   0.222916  17.943962

#    VERTICS      EDGES NPROC  TIME(Sec) MEDGES/Sec [Run: 2]

     4000000   16000000     1  21.407372   0.747406
     4000000   16000000     2   9.387041   1.704478
     4000000   16000000     4   6.043125   2.647637
     4000000   16000000     6   4.066545   3.934544
     4000000   16000000     8   3.028378   5.283357
     4000000   16000000    10   2.584937   6.189705
     4000000   16000000    12   2.220153   7.206711
     4000000   16000000    14   2.254147   7.098028
     4000000   16000000    16   3.361660   4.759553

#    VERTICS      EDGES NPROC  TIME(Sec) MEDGES/Sec [Run: 2]

     9000000   36000000     1  71.100148   0.506328
     9000000   36000000     2  35.347877   1.018449
     9000000   36000000     4  19.042578   1.890500
     9000000   36000000     6  12.874393   2.796248
     9000000   36000000     8  10.188493   3.533398
     9000000   36000000    10   8.981773   4.008117
     9000000   36000000    12   7.925870   4.542088
     9000000   36000000    14   7.659108   4.700286
     9000000   36000000    16   6.801494   5.292955

#    VERTICS      EDGES NPROC  TIME(Sec) MEDGES/Sec [Run: 3]

      250000    1000000     1   0.500838   1.996652
      250000    1000000     2   0.221058   4.523703
      250000    1000000     4   0.100482   9.951994
      250000    1000000     6   0.068749  14.545659
      250000    1000000     8   0.046046  21.717565
      250000    1000000    10   0.041517  24.086352
      250000    1000000    12   0.040287  24.821947
      250000    1000000    14   0.036686  27.258632
      250000    1000000    16   0.034743  28.783079

#    VERTICS      EDGES NPROC  TIME(Sec) MEDGES/Sec [Run: 3]

     1000000    4000000     1   2.754571   1.452131
     1000000    4000000     2   1.416889   2.823086
     1000000    4000000     4   0.725711   5.511838
     1000000    4000000     6   0.477956   8.368978
     1000000    4000000     8   0.341995  11.696078
     1000000    4000000    10   0.307454  13.010088
     1000000    4000000    12   0.255348  15.664922
     1000000    4000000    14   0.224058  17.852524
     1000000    4000000    16   0.197522  20.250940

#    VERTICS      EDGES NPROC  TIME(Sec) MEDGES/Sec [Run: 3]

     4000000   16000000     1  21.397050   0.747767
     4000000   16000000     2   9.445442   1.693939
     4000000   16000000     4   5.994763   2.668996
     4000000   16000000     6   3.821164   4.187206
     4000000   16000000     8   3.479917   4.597810
     4000000   16000000    10   2.524933   6.336803
     4000000   16000000    12   2.504467   6.388585
     4000000   16000000    14   2.285068   7.001981
