############################################################
# Benchmark Host: altair
# Number Of Processors: 8
#
# Number Of Scheduled Runs: 3
# Start Time: 01/11/2008 - 04:44:58
############################################################


#    VERTICS      EDGES PARTS PROCS  TIME(Sec)       EDGES/Sec [Run: 1]

      100000     300000    64     1   0.022283     13463178.21
      100000     300000    64     2   0.024628     12181257.11
      100000     300000    64     4   0.027057     11087703.74
      100000     300000    64     8   0.022765     13178124.31
     1000000    3000000    64     1   0.328494      9132586.90
     1000000    3000000    64     2   0.198366     15123559.48
     1000000    3000000    64     4   0.204080     14700117.60
     1000000    3000000    64     8   0.252647     11874275.17
    10000000   30000000    64     1   5.722337      5242613.29
    10000000   30000000    64     2   3.582421      8374225.14
    10000000   30000000    64     4   2.274145     13191770.97
    10000000   30000000    64     8   2.181204     13753871.71
      100000     400000    64     1   0.023597     16951307.37
      100000     400000    64     2   0.023888     16744809.11
      100000     400000    64     4   0.028508     14031149.15
      100000     400000    64     8   0.023612     16940538.71
     1000000    4000000    64     1   0.353847     11304320.79
     1000000    4000000    64     2   0.242054     16525238.17
     1000000    4000000    64     4   0.218275     18325506.81
     1000000    4000000    64     8   0.218651     18293993.62
    10000000   40000000    64     1   6.169248      6483772.41
    10000000   40000000    64     2   3.518249     11369291.94
    10000000   40000000    64     4   2.406362     16622602.92
    10000000   40000000    64     8   2.313908     17286771.99
      100000     300000   128     1   0.022700     13215859.03
      100000     300000   128     2   0.023271     12891581.80
      100000     300000   128     4   0.023604     12709710.22
      100000     300000   128     8   0.027603     10868383.87
     1000000    3000000   128     1   0.309435      9695089.44
     1000000    3000000   128     2   0.222060     13509862.20
     1000000    3000000   128     4   0.205358     14608634.68
     1000000    3000000   128     8   0.291133     10304568.70
    10000000   30000000   128     1   5.625375      5332977.80
    10000000   30000000   128     2   3.248137      9236063.63
    10000000   30000000   128     4   2.619027     11454635.63
    10000000   30000000   128     8   2.182148     13747921.77
      100000     400000   128     1   0.023881     16749717.35
      100000     400000   128     2   0.023262     17195426.02
      100000     400000   128     4   0.025064     15959144.59
      100000     400000   128     8   0.023927     16717515.78
     1000000    4000000   128     1   0.371223     10775194.42
     1000000    4000000   128     2   0.243042     16458060.75
     1000000    4000000   128     4   0.230648     17342443.90
     1000000    4000000   128     8   0.233524     17128860.42
    10000000   40000000   128     1   6.075710      6583592.70
    10000000   40000000   128     2   3.828942     10446750.04
    10000000   40000000   128     4   2.379114     16812981.64
    10000000   40000000   128     8   2.261868     17684497.95


#    VERTICS      EDGES PARTS PROCS  TIME(Sec)       EDGES/Sec [Run: 2]

      100000     300000    64     1   0.022646     13247372.60
      100000     300000    64     2   0.021622     13874757.19
      100000     300000    64     4   0.025309     11853490.85
      100000     300000    64     8   0.022499     13333925.95
     1000000    3000000    64     1   0.327808      9151698.56
     1000000    3000000    64     2   0.218832     13709146.74
     1000000    3000000    64     4   0.211153     14207707.21
     1000000    3000000    64     8   0.273444     10971167.77
    10000000   30000000    64     1   5.721371      5243498.46
    10000000   30000000    64     2   3.332553      9002107.39
    10000000   30000000    64     4   2.251049     13327119.93
    10000000   30000000    64     8   2.157032     13907999.51
      100000     400000    64     1   0.023741     16848489.95
      100000     400000    64     2   0.022545     17742293.19
      100000     400000    64     4   0.021573     18541695.64
      100000     400000    64     8   0.024082     16609916.12
     1000000    4000000    64     1   0.355060     11265701.57
     1000000    4000000    64     2   0.223501     17897011.65
     1000000    4000000    64     4   0.241095     16590970.36
     1000000    4000000    64     8   0.231568     17273543.84
    10000000   40000000    64     1   6.068413      6591509.18
    10000000   40000000    64     2   3.856124     10373110.41
    10000000   40000000    64     4   2.391985     16722512.89
    10000000   40000000    64     8   2.354695     16987338.06
      100000     300000   128     1   0.022894     13103870.01
      100000     300000   128     2   0.021321     14070634.59
      100000     300000   128     4   0.025221     11894849.53
      100000     300000   128     8   0.022777     13171181.45
     1000000    3000000   128     1   0.308857      9713232.98
     1000000    3000000   128     2   0.222702     13470916.29
     1000000    3000000   128     4   0.211860     14160294.53
     1000000    3000000   128     8   0.266528     11255853.04
    10000000   30000000   128     1   5.908890      5077095.70
    10000000   30000000   128     2   3.562317      8421485.23
    10000000   30000000   128     4   2.242391     13378576.71
    10000000   30000000   128     8   2.173980     13799574.97
      100000     400000   128     1   0.024208     16523463.32
      100000     400000   128     2   0.021644     18480872.30
      100000     400000   128     4   0.025037     15976354.99
      100000     400000   128     8   0.025582     15635994.06
     1000000    4000000   128     1   0.356099     11232831.32
     1000000    4000000   128     2   0.221455     18062360.30
     1000000    4000000   128     4   0.243339     16437973.36
     1000000    4000000   128     8   0.255434     15659622.45
    10000000   40000000   128     1   6.243080      6407093.93
    10000000   40000000   128     2   3.821413     10467332.37
    10000000   40000000   128     4   2.354707     16987251.49
    10000000   40000000   128     8   2.316435     17267913.84


#    VERTICS      EDGES PARTS PROCS  TIME(Sec)       EDGES/Sec [Run: 3]

      100000     300000    64     1   0.022623     13260840.74
      100000     300000    64     2   0.023036     13023094.29
      100000     300000    64     4   0.026932     11139165.31
      100000     300000    64     8   0.022647     13246787.65
     1000000    3000000    64     1   0.309480      9693679.72
     1000000    3000000    64     2   0.205613     14590517.14
     1000000    3000000    64     4   0.247309     12130573.49
     1000000    3000000    64     8   0.254986     11765351.82
    10000000   30000000    64     1   5.638258      5320792.34
    10000000   30000000    64     2   3.287623      9125133.87
    10000000   30000000    64     4   2.239957     13393114.24
    10000000   30000000    64     8   2.232915     13435352.44
      100000     400000    64     1   0.023569     16971445.54
      100000     400000    64     2   0.024563     16284655.78
      100000     400000    64     4   0.028527     14021803.91
      100000     400000    64     8   0.025941     15419606.03
     1000000    4000000    64     1   0.358144     11168691.92
     1000000    4000000    64     2   0.231479     17280185.24
     1000000    4000000    64     4   0.204501     19559806.55
     1000000    4000000    64     8   0.230180     17377704.41
    10000000   40000000    64     1   6.120350      6535573.95
    10000000   40000000    64     2   3.882015     10303927.21
    10000000   40000000    64     4   2.347070     17042525.36
    10000000   40000000    64     8   2.268970     17629144.50
      100000     300000   128     1   0.023062     13008412.11
      100000     300000   128     2   0.023664     12677484.79
      100000     300000   128     4   0.026514     11314777.10
      100000     300000   128     8   0.023189     12937168.49
     1000000    3000000   128     1   0.307606      9752735.64
     1000000    3000000   128     2   0.216015     13887924.45
     1000000    3000000   128     4   0.217130     13816607.56
     1000000    3000000   128     8   0.232747     12889532.41
    10000000   30000000   128     1   5.622878      5335346.06
    10000000   30000000   128     2   3.307931      9069112.99
    10000000   30000000   128     4   2.236222     13415483.79
    10000000   30000000   128     8   2.178458     13771208.81
      100000     400000   128     1   0.024169     16550126.19
      100000     400000   128     2   0.022618     17685029.62
      100000     400000   128     4   0.024026     16648630.65
      100000     400000   128     8   0.023914     16726603.66
     1000000    4000000   128     1   0.362854     11023717.53
     1000000    4000000   128     2   0.225175     17763961.36
     1000000    4000000   128     4   0.205558     19459228.05
     1000000    4000000   128     8   0.290595     13764861.75
    10000000   40000000   128     1   6.120788      6535106.26
    10000000   40000000   128     2   3.544006     11286662.61
    10000000   40000000   128     4   2.395361     16698944.33
    10000000   40000000   128     8   2.323842     17212874.20
