############################################################
# Benchmark Host: v20n98.pbm.ihost.com
# Number Of Processors: 16
# Usable Physical Memory: 63488 MBytes
# SMT Enabled: false
# SMT Threads: 2
#
# Number Of Scheduled Runs: 5
# Start Time: 10/05/2007 - 13:05:00
############################################################

# =====================================================================================
# [Run: 1] (Timings[COLS 4/8]: Seconds)
#   VERTICES      EDGES PROC        BFS       EDGES/Sec
# =====================================================================================

     5000000   20000000    1   6.373667      3137911.03
     5000000   20000000    2   2.976105      6720193.00
     5000000   20000000    3   1.951505     10248500.52
     5000000   20000000    4   1.506290     13277655.70
     5000000   20000000    5   1.245165     16062128.31
     5000000   20000000    6   1.078424     18545581.33
     5000000   20000000    7   0.979314     20422458.99
     5000000   20000000    8   0.906425     22064704.75
     5000000   20000000    9   0.863644     23157689.97
     5000000   20000000   10   0.796823     25099677.09
     5000000   20000000   11   0.765575     26124155.05
     5000000   20000000   12   0.748417     26723070.16
     5000000   20000000   13   0.732509     27303418.80
     5000000   20000000   14   0.733372     27271289.33
     5000000   20000000   15   0.732486     27304276.12
     5000000   20000000   16   0.705099     28364811.18

# =====================================================================================
# [Run: 1] (Timings[COLS 4/8]: Seconds)
#   VERTICES      EDGES PROC        BFS       EDGES/Sec
# =====================================================================================

     6000000   24000000    1   7.346668      3266787.07
     6000000   24000000    2   3.695062      6495154.89
     6000000   24000000    3   2.336186     10273154.62
     6000000   24000000    4   1.952369     12292758.18
     6000000   24000000    5   1.572140     15265816.02
     6000000   24000000    6   1.354746     17715497.96
     6000000   24000000    7   1.234699     19437935.89
     6000000   24000000    8   1.146442     20934334.23
     6000000   24000000    9   1.034919     23190220.68
     6000000   24000000   10   1.021620     23492100.78
     6000000   24000000   11   0.970855     24720478.34
     6000000   24000000   12   0.953877     25160476.67
     6000000   24000000   13   0.904424     26536226.37
     6000000   24000000   14   0.887735     27035094.93
     6000000   24000000   15   0.889256     26988853.60
     6000000   24000000   16   0.865532     27728610.84

# =====================================================================================
# [Run: 1] (Timings[COLS 4/8]: Seconds)
#   VERTICES      EDGES PROC        BFS       EDGES/Sec
# =====================================================================================

     7000000   28000000    1   9.952584      2813339.73
     7000000   28000000    2   4.466211      6269296.28
     7000000   28000000    3   3.035942      9222837.59
     7000000   28000000    4   2.296025     12194989.17
     7000000   28000000    5   1.860205     15052104.47
     7000000   28000000    6   1.598109     17520707.29
     7000000   28000000    7   1.480902     18907395.63
     7000000   28000000    8   1.376697     20338534.91
     7000000   28000000    9   1.256710     22280398.82
     7000000   28000000   10   1.240585     22569997.22
     7000000   28000000   11   1.154748     24247714.65
     7000000   28000000   12   1.100579     25441154.16
     7000000   28000000   13   1.070366     26159276.36
     7000000   28000000   14   1.063869     26319029.88
     7000000   28000000   15   1.058216     26459626.39
     7000000   28000000   16   1.022681     27379016.53

# =====================================================================================
# [Run: 1] (Timings[COLS 4/8]: Seconds)
#   VERTICES      EDGES PROC        BFS       EDGES/Sec
# =====================================================================================

     8000000   32000000    1  11.316978      2827609.99
     8000000   32000000    2   5.405431      5919971.97
     8000000   32000000    3   3.551718      9009724.31
     8000000   32000000    4   2.812221     11378906.57
     8000000   32000000    5   2.275572     14062398.38
     8000000   32000000    6   1.950650     16404788.15
     8000000   32000000    7   1.711821     18693543.31
     8000000   32000000    8   1.621644     19733061.02
     8000000   32000000    9   1.449217     22080889.20
     8000000   32000000   10   1.383664     23127001.93
     8000000   32000000   11   1.315904     24317883.37
     8000000   32000000   12   1.263842     25319620.65
     8000000   32000000   13   1.248159     25637759.29
     8000000   32000000   14   1.246473     25672437.35
     8000000   32000000   15   1.239915     25808220.72
     8000000   32000000   16   1.186029     26980790.52

# =====================================================================================
# [Run: 1] (Timings[COLS 4/8]: Seconds)
#   VERTICES      EDGES PROC        BFS       EDGES/Sec
# =====================================================================================

     9000000   36000000    1  13.172981      2732866.62
     9000000   36000000    2   6.240627      5768651.13
     9000000   36000000    3   4.131217      8714139.20
     9000000   36000000    4   3.150483     11426819.32
     9000000   36000000    5   2.599743     13847522.62
     9000000   36000000    6   2.226978     16165404.42
     9000000   36000000    7   1.983476     18149954.93
     9000000   36000000    8   1.907036     18877462.20
     9000000   36000000    9   1.743415     20649128.29
     9000000   36000000   10   1.576129     22840770.01
     9000000   36000000   11   1.524153     23619675.98
     9000000   36000000   12   1.457679     24696795.38
     9000000   36000000   13   1.477415     24366884.05
     9000000   36000000   14   1.424094     25279230.16
     9000000   36000000   15   1.425268     25258407.54
     9000000   36000000   16   1.361303     26445251.35

# =====================================================================================
# [Run: 1] (Timings[COLS 4/8]: Seconds)
#   VERTICES      EDGES PROC        BFS       EDGES/Sec
# =====================================================================================

    10000000   40000000    1  15.038851      2659777.67
    10000000   40000000    2   7.005919      5709457.96
    10000000   40000000    3   4.714225      8484957.76
    10000000   40000000    4   3.514073     11382802.80
    10000000   40000000    5   3.032032     13192472.90
    10000000   40000000    6   2.562207     15611541.14
    10000000   40000000    7   2.385221     16769934.53
    10000000   40000000    8   2.063303     19386391.63
    10000000   40000000    9   1.887678     21190054.66
    10000000   40000000   10   1.816263     22023242.23
    10000000   40000000   11   1.710607     23383512.40
    10000000   40000000   12   1.661491     24074761.77
    10000000   40000000   13   1.625050     24614627.24
    10000000   40000000   14   1.607342     24885805.26
    10000000   40000000   15   1.617476     24729887.80
    10000000   40000000   16   1.513707     26425193.25
