############################################################
# Benchmark Host: altair
# Number Of Processors: 8
#
# Number Of Scheduled Runs: 3
# Start Time: 02/24/2008 - 08:00:27
############################################################


#    VERTICS      EDGES PROCS  TIME(Sec) MEDGES/Sec [Run: 1]



      250000    1000000     1   0.169411   5.902804
      250000    1000000     2   0.106102   9.424893
      250000    1000000     4   0.077604  12.885934
      250000    1000000     6   0.067292  14.860608
      250000    1000000     8   0.085902  11.641172


     1000000    4000000     1   0.790164   5.062240
     1000000    4000000     2   0.481810   8.302028
     1000000    4000000     4   0.343668  11.639140
     1000000    4000000     6   0.291921  13.702337
     1000000    4000000     8   0.285001  14.035038


     4000000   16000000     1   4.115647   3.887603
     4000000   16000000     2   2.496880   6.407997
     4000000   16000000     4   1.598435  10.009791
     4000000   16000000     6   1.395352  11.466641
     4000000   16000000     8   1.367251  11.702314


#    VERTICS      EDGES PROCS  TIME(Sec) MEDGES/Sec [Run: 2]



      250000    1000000     1   0.167631   5.965484
      250000    1000000     2   0.112251   8.908607
      250000    1000000     4   0.092946  10.758935
      250000    1000000     6   0.081310  12.298610
      250000    1000000     8   0.084191  11.877754


     1000000    4000000     1   0.800110   4.999313
     1000000    4000000     2   0.495450   8.073469
     1000000    4000000     4   0.340837  11.735815
     1000000    4000000     6   0.292003  13.698489
     1000000    4000000     8   0.310602  12.878217


     4000000   16000000     1   5.034476   3.178086
     4000000   16000000     2   2.653225   6.030397
     4000000   16000000     4   1.538739  10.398125
     4000000   16000000     6   1.396897  11.453958
     4000000   16000000     8   1.369903  11.679659


#    VERTICS      EDGES PROCS  TIME(Sec) MEDGES/Sec [Run: 3]



      250000    1000000     1   0.168194   5.945515
      250000    1000000     2   0.104844   9.537980
      250000    1000000     4   0.082495  12.121947
      250000    1000000     6   0.110408   9.057315
      250000    1000000     8   0.070366  14.211409


     1000000    4000000     1   0.781784   5.116503
     1000000    4000000     2   0.473905   8.440510
     1000000    4000000     4   0.327398  12.217546
     1000000    4000000     6   0.293818  13.613870
     1000000    4000000     8   0.253551  15.775919


     4000000   16000000     1   4.129411   3.874645
     4000000   16000000     2   2.433902   6.573806
     4000000   16000000     4   1.435025  11.149632
     4000000   16000000     8   1.384442  11.557003


############################################################
# End Time: 02/24/2008 - 08:13:24
############################################################
