############################################################
# Benchmark Host: altair
# Number Of Processors: 8
#
# Number Of Scheduled Runs: 3
# Start Time: 02/17/2008 - 08:16:09
############################################################


#    VERTICS      EDGES PROCS  TIME(Sec) MEDGES/Sec [Run: 1]



      250000    1000000     1   0.120037   8.330765
      250000    1000000     2   0.071655  13.955760
      250000    1000000     4   0.100770   9.923588
      250000    1000000     6   0.091550  10.922993
      250000    1000000     8   0.107894   9.268356


     1000000    4000000     1   0.577066   6.931616
     1000000    4000000     2   0.352874  11.335491
     1000000    4000000     4   0.276145  14.485144
     1000000    4000000     6   0.295151  13.552385
     1000000    4000000     8   0.309860  12.909056


     4000000   16000000     1   2.832131   5.649456
     4000000   16000000     2   1.795381   8.911757
     4000000   16000000     4   1.146917  13.950443
     4000000   16000000     6   1.050619  15.229117
     4000000   16000000     8   1.114651  14.354269


     9000000   36000000     1   8.684487   4.145323
     9000000   36000000     2   4.651938   7.738710
     9000000   36000000     4   2.498639  14.407844
     9000000   36000000     6   2.760707  13.040138
     9000000   36000000     8   2.554434  14.093142


#    VERTICS      EDGES PROCS  TIME(Sec) MEDGES/Sec [Run: 2]



      250000    1000000     1   0.126186   7.924809
      250000    1000000     2   0.078616  12.720057
      250000    1000000     4   0.088219  11.335427
      250000    1000000     6   0.086815  11.518747
      250000    1000000     8   0.107404   9.310640


     1000000    4000000     1   0.579596   6.901359
     1000000    4000000     2   0.352910  11.334335
     1000000    4000000     4   0.282836  14.142471
     1000000    4000000     6   0.313016  12.778899
     1000000    4000000     8   0.298549  13.398136


     4000000   16000000     1   2.813395   5.687079
     4000000   16000000     2   1.645113   9.725776
     4000000   16000000     4   1.129807  14.161711
     4000000   16000000     6   1.190507  13.439652
     4000000   16000000     8   1.139979  14.035346


     9000000   36000000     1   8.441010   4.264892
     9000000   36000000     2   4.531428   7.944516
     9000000   36000000     4   2.928815  12.291661
     9000000   36000000     6   1.898676  18.960581
     9000000   36000000     8   2.577285  13.968187


#    VERTICS      EDGES PROCS  TIME(Sec) MEDGES/Sec [Run: 3]



      250000    1000000     1   0.106947   9.350426
      250000    1000000     2   0.078784  12.692933
      250000    1000000     4   0.094505  10.581451
      250000    1000000     6   0.101055   9.895601
      250000    1000000     8   0.108263   9.236766


     1000000    4000000     1   0.575889   6.945783
     1000000    4000000     2   0.374219  10.688928
     1000000    4000000     4   0.286571  13.958146
     1000000    4000000     6   0.297611  13.440363
     1000000    4000000     8   0.293001  13.651831


     4000000   16000000     1   2.801484   5.711259
     4000000   16000000     2   1.641462   9.747408
     4000000   16000000     4   1.199137  13.342929
     4000000   16000000     6   1.131344  14.142471
     4000000   16000000     8   1.085819  14.735421


     9000000   36000000     1   8.322495   4.325626
     9000000   36000000     2   4.501481   7.997368
     9000000   36000000     4   2.586891  13.916319
     9000000   36000000     6   2.735563  13.159997
     9000000   36000000     8   2.743474  13.122049


############################################################
# End Time: 02/17/2008 - 08:41:21
############################################################
