############################################################
# Benchmark Host: moxie
# Number Of Processors: 32
#
# Number Of Scheduled Runs: 3
# Start Time: 01/11/2008 - 16:38:54
############################################################
# =================================================================
#   VERTICES      EDGES PROC  TIME(Sec)       EDGES/Sec [Run: 1]
# =================================================================
       90000     360000    1   0.144189      2496721.04
       90000     360000    2   0.758718       474484.86
       90000     360000    4   0.615587       584808.10
       90000     360000    8   0.266760      1349527.10
       90000     360000   16   0.508364       708154.41
       90000     360000   32   0.613658       586646.07
      810000    3240000    1   1.080881      2997554.69
      810000    3240000    2   6.007662       539311.33
      810000    3240000    4   1.320484      2453644.87
      810000    3240000    8   0.619194      5232609.32
      810000    3240000   16   0.773162      4190584.57
      810000    3240000   32   1.445579      2241316.53
     7290000   29160000    1  12.465045      2339341.81
     7290000   29160000    2  18.357675      1588436.49
     7290000   29160000    4   6.706682      4347902.61
     7290000   29160000    8   3.769855      7735044.67
     7290000   29160000   16   3.132439      9309039.25
     7290000   29160000   32   5.181100      5628148.17
# =================================================================
#   VERTICES      EDGES PROC  TIME(Sec)       EDGES/Sec [Run: 2]
# =================================================================
       90000     360000    1   0.144042      2499278.52
       90000     360000    2   0.955683       376694.07
       90000     360000    4   0.529888       679388.87
       90000     360000    8   0.299546      1201819.71
       90000     360000   16   0.473625       760094.68
       90000     360000   32   0.675869       532647.78
      810000    3240000    1   1.084219      2988325.15
      810000    3240000    2   6.178970       524359.28
      810000    3240000    4   1.217076      2662117.53
      810000    3240000    8   0.842025      3847865.17
      810000    3240000   16   0.713637      4540124.56
      810000    3240000   32   1.397524      2318386.50
     7290000   29160000    1  12.298823      2370958.58
     7290000   29160000    2  19.398744      1503190.10
     7290000   29160000    4   6.359340      4585381.15
     7290000   29160000    8   3.656064      7975789.44
     7290000   29160000   16   3.269470      8918877.88
     7290000   29160000   32   6.086817      4790681.36
# =================================================================
#   VERTICES      EDGES PROC  TIME(Sec)       EDGES/Sec [Run: 3]
# =================================================================
       90000     360000    1   0.143812      2503271.36
       90000     360000    2   0.737830       487916.94
       90000     360000    4   0.467464       770113.49
       90000     360000    8   0.514276       700013.38
       90000     360000   16   0.375963       957540.86
       90000     360000   32   0.701839       512938.09
      810000    3240000    1   1.079272      3002024.60
      810000    3240000    2   5.733795       565070.76
      810000    3240000    4   1.214043      2668767.83
      810000    3240000    8   0.807110      4014324.93
      810000    3240000   16   0.769785      4208968.23
      810000    3240000   32   1.436896      2254861.19
     7290000   29160000    1  12.333141      2364361.23
     7290000   29160000    2  17.581639      1658548.40
     7290000   29160000    4   6.162316      4731987.40
     7290000   29160000    8   3.554852      8202872.02
     7290000   29160000   16   3.156614      9237746.08
     7290000   29160000   32   4.037817      7221724.30
