XWS
############################################################
# Benchmark Host: moxie
# Number Of Processors: 32
#
# Number Of Scheduled Runs: 3
# Start Time: 01/11/2008 - 16:38:54
############################################################
# =================================================================
#   VERTICES      EDGES PROC  TIME(Sec)       EDGES/Sec [Run: 3]
# =================================================================
       90000     360000    1   0.143812      2.50
       90000     360000    2   0.737830       .49
       90000     360000    4   0.467464       .77
       90000     360000    8   0.514276       .70
       90000     360000   16   0.375963       .96
       90000     360000   32   0.701839       .51
      810000    3240000    1   1.079272      3.00
      810000    3240000    2   5.733795       .57
      810000    3240000    4   1.214043      2.67
      810000    3240000    8   0.807110      4.01
      810000    3240000   16   0.769785      4.21
      810000    3240000   32   1.436896      2.25
     7290000   29160000    1  12.333141      2.36
     7290000   29160000    2  17.581639      1.66
     7290000   29160000    4   6.162316      4.73
     7290000   29160000    8   3.554852      8.20
     7290000   29160000   16   3.156614      9.24
     7290000   29160000   32   4.037817      7.22

Cilk
############################################################
# Benchmark Host: moxie
# Number Of Processors: 32
#
# Number Of Scheduled Runs: 3
# Start Time: 01/11/2008 - 05:45:06
############################################################


#    VERTICS      EDGES PARTS PROCS  TIME(Sec)       EDGES/Sec [Run: 1]

       90000     360000    64     1   0.053178      6.77
       90000     360000    64     2   0.054353      6.62
       90000     360000    64     4   0.053910      6.68
       90000     360000    64     8   0.053507      6.73
       90000     360000    64    16   0.053505      6.73
       90000     360000    64    32   0.054764      6.57
      810000    3240000    64     1   0.712674      4.55
      810000    3240000    64     2   0.703746      4.60
      810000    3240000    64     4   0.713871      4.54
      810000    3240000    64     8   0.712166      4.55
      810000    3240000    64    16   0.714065      4.54
      810000    3240000    64    32   0.715458      4.53
     7290000   29160000    64     1   7.081824      4.12
     7290000   29160000    64     2   6.653370      4.38
     7290000   29160000    64     4   6.937020      4.20
     7290000   29160000    64     8   6.995856      4.17
     7290000   29160000    64    16   7.044770      4.14
     7290000   29160000    64    32   7.072420      4.12


C
############################################################
# Benchmark Host: moxie
# Number Of Processors: 32
#
# Number Of Scheduled Runs: 3
# Start Time: 01/17/2008 - 04:21:38
############################################################
#
# Run: 1
#

# ===========================================================================
# [Run: 1] (Timings[COLS 4/8]: Seconds)
#   VERTICES      EDGES PROC      BFS[Torus]       EDGES/Sec
# ===========================================================================

       90000     360000    1        0.038209      9.42
       90000     360000    2        0.049271      7.31
       90000     360000    4        0.088624      4.06
       90000     360000    8        0.167941      2.14
       90000     360000   16        0.325981      1.10
       90000     360000   32        0.688608       .52
      810000    3240000    1        0.596979      5.43
      810000    3240000    2        0.402598      8.05
      810000    3240000    4        0.406302      7.97
      810000    3240000    8        0.598865      5.41
      810000    3240000   16        1.051829      3.08
      810000    3240000   32        2.004352      1.62
     7290000   29160000    1        6.937763      4.20
     7290000   29160000    2        3.911763      7.45
     7290000   29160000    4        2.909764     10.02
     7290000   29160000    8        2.622159     11.12
     7290000   29160000   16        3.959061      7.36
     7290000   29160000   32        6.511490      4.48

