==========GUPS=========== 
PROCS	X10LIB	X10C	HPCC
1	0.00448	0.00548	0.00412
2	0.00850	0.00758	0.00749
4	0.01717	0.01626	0.01442
8	0.03470	0.03051	0.02769
16	0.06842	0.06058	0.04898
32	0.10444	0.09590	0.07438
64	0.14716	0.14130	0.10115
128	0.17824	0.17446	0.11355
256	0.35895	0.35917	0.15180
512	0.40924	0.38055	0.00000
==========TIME(Seconds)=========== 
PROCS	X10LIB	X10C	HPCC
1	59.96	48.95	65.18
2	63.19	70.85	71.64
4	62.54	66.03	74.37
8	61.89	70.38	77.49
16	62.78	70.90	87.61
32	82.25	89.57	115.39
64	116.75	121.58	169.68
128	192.77	196.95	302.32
256	191.45	191.33	452.32
512	335.84	361.16	 0.00
