############################################################
# Benchmark Host: v20n43.pbm.ihost.com
# Number Of Processors: 16
#
# Number Of Scheduled Runs: 3
# Start Time: 02/21/2008 - 02:58:42
############################################################


#    VERTICS      EDGES PROCS  TIME(Sec) MEDGES/Sec [Run: 1]



      250000    1000000     1   0.072161  13.857901
      250000    1000000     2   0.039778  25.139524
      250000    1000000     4   0.023367  42.795395
      250000    1000000     6   0.017504  57.129799
      250000    1000000     8   0.014047  71.189578
      250000    1000000    10   0.012073  82.829454
      250000    1000000    12   0.010684  93.597903
      250000    1000000    14   0.009648 103.648425
      250000    1000000    16   0.009282 107.735402


     1000000    4000000     1   0.485512   8.238725
     1000000    4000000     2   0.247052  16.190923
     1000000    4000000     4   0.125065  31.983369
     1000000    4000000     6   0.086490  46.248121
     1000000    4000000     8   0.065463  61.103219
     1000000    4000000    10   0.055967  71.470688
     1000000    4000000    12   0.052666  75.950328
     1000000    4000000    14   0.042572  93.958470
     1000000    4000000    16   0.042730  93.611046


     4000000   16000000     1   2.957730   5.409554
     4000000   16000000     2   1.405433  11.384392
     4000000   16000000     4   0.687527  23.271813
     4000000   16000000     6   0.467293  34.239760
     4000000   16000000     8   0.346130  46.225407
     4000000   16000000    10   0.300067  53.321425
     4000000   16000000    12   0.259591  61.635419
     4000000   16000000    14   0.217611  73.525695
     4000000   16000000    16   0.179544  89.114646


     9000000   36000000     1   8.002716   4.498473
     9000000   36000000     2   4.139277   8.697171
     9000000   36000000     4   1.995528  18.040338
     9000000   36000000     6   1.290437  27.897526
     9000000   36000000     8   0.939803  38.305900
     9000000   36000000    10   0.819125  43.949336
     9000000   36000000    12   0.697487  51.613865
     9000000   36000000    14   0.595646  60.438583
     9000000   36000000    16   0.501992  71.714290


#    VERTICS      EDGES PROCS  TIME(Sec) MEDGES/Sec [Run: 2]



      250000    1000000     1   0.073453  13.614148
      250000    1000000     2   0.039626  25.235956
      250000    1000000     4   0.023880  41.876047
      250000    1000000     6   0.016902  59.164596
      250000    1000000     8   0.014169  70.576611
      250000    1000000    10   0.011879  84.182170
      250000    1000000    12   0.010573  94.580535
      250000    1000000    14   0.009889 101.122459
      250000    1000000    16   0.009328 107.204117


     1000000    4000000     1   0.486805   8.216842
     1000000    4000000     2   0.243355  16.436893
     1000000    4000000     4   0.125260  31.933578
     1000000    4000000     6   0.086127  46.443043
     1000000    4000000     8   0.065426  61.137774
     1000000    4000000    10   0.061517  65.022677
     1000000    4000000    12   0.051516  77.645780
     1000000    4000000    14   0.042747  93.573818
     1000000    4000000    16   0.042800  93.457944


     4000000   16000000     1   3.029849   5.280791
     4000000   16000000     2   1.403844  11.397278
     4000000   16000000     4   0.694137  23.050205
     4000000   16000000     6   0.467820  34.201188
     4000000   16000000     8   0.349428  45.789118
     4000000   16000000    10   0.299189  53.477902
     4000000   16000000    12   0.256033  62.491944
     4000000   16000000    14   0.216954  73.748352
     4000000   16000000    16   0.179355  89.208553


     9000000   36000000     1   8.641337   4.166022
     9000000   36000000     2   4.036907   8.917718
     9000000   36000000     4   1.990778  18.083382
     9000000   36000000     6   1.308302  27.516583
     9000000   36000000     8   0.939817  38.305330
     9000000   36000000    10   0.819331  43.938286
     9000000   36000000    12   0.705433  51.032486
     9000000   36000000    14   0.589879  61.029465
     9000000   36000000    16   0.512361  70.262959


#    VERTICS      EDGES PROCS  TIME(Sec) MEDGES/Sec [Run: 3]



      250000    1000000     1   0.071588  13.968822
      250000    1000000     2   0.042710  23.413720
      250000    1000000     4   0.023728  42.144302
      250000    1000000     6   0.017431  57.369055
      250000    1000000     8   0.014312  69.871437
      250000    1000000    10   0.011856  84.345479
      250000    1000000    12   0.010619  94.170826
      250000    1000000    14   0.009809 101.947191
      250000    1000000    16   0.009116 109.697236


     1000000    4000000     1   0.484530   8.255423
     1000000    4000000     2   0.247674  16.150262
     1000000    4000000     4   0.127491  31.374764
     1000000    4000000     6   0.086284  46.358537
     1000000    4000000     8   0.064930  61.604805
     1000000    4000000    10   0.056787  70.438657
     1000000    4000000    12   0.049292  81.149071
     1000000    4000000    14   0.043134  92.734270
     1000000    4000000    16   0.043241  92.504799


     4000000   16000000     1   2.855209   5.603793
     4000000   16000000     2   1.435683  11.144521
     4000000   16000000     4   0.688024  23.255003
     4000000   16000000     6   0.468243  34.170292
     4000000   16000000     8   0.341663  46.829771
     4000000   16000000    10   0.297417  53.796521
     4000000   16000000    12   0.257118  62.228238
     4000000   16000000    14   0.219847  72.777886
     4000000   16000000    16   0.217291  73.633975


     9000000   36000000     1   8.668019   4.153198
     9000000   36000000     2   4.006131   8.986226
     9000000   36000000     4   1.940277  18.554052
     9000000   36000000     6   1.286573  27.981312
     9000000   36000000     8   0.942316  38.203745
     9000000   36000000    10   0.823141  43.734913
     9000000   36000000    12   0.705606  51.019974
     9000000   36000000    14   0.596191  60.383334
     9000000   36000000    16   0.487304  73.875856


############################################################
# End Time: 02/21/2008 - 03:19:50
############################################################
