############################################################
# Benchmark Host: altair
# Number Of Processors: 8
#
# Number Of Scheduled Runs: 3
# Start Time: 02/17/2008 - 04:32:12
############################################################

#   VERTICES      EDGES PROC Time(Secs) MEDGES/Sec [Run: 1]


      250000    1000000    1   0.057893  17.273245
      250000    1000000    2   0.034989  28.580411
      250000    1000000    4   0.032831  30.459017
      250000    1000000    6   0.027468  36.406000
      250000    1000000    8   0.019660  50.864700


     1000000    4000000    1   0.296114  13.508311
     1000000    4000000    2   0.188270  21.246083
     1000000    4000000    4   0.166058  24.087969
     1000000    4000000    6   0.148111  27.006772
     1000000    4000000    8   0.130037  30.760476


     4000000   16000000    1   1.573544  10.168130
     4000000   16000000    2   0.929491  17.213722
     4000000   16000000    4   0.945246  16.926811
     4000000   16000000    6   0.844423  18.947850
     4000000   16000000    8   0.731869  21.861836


     9000000   36000000    1   4.762064   7.559747
     9000000   36000000    2   2.526828  14.247111
     9000000   36000000    4   2.465953  14.598818
     9000000   36000000    6   2.473062  14.556853
     9000000   36000000    8   2.147713  16.762016

#   VERTICES      EDGES PROC Time(Secs) MEDGES/Sec [Run: 2]


      250000    1000000    1   0.057820  17.295054
      250000    1000000    2   0.035557  28.123857
      250000    1000000    4   0.034540  28.951940
      250000    1000000    6   0.023007  43.465032
      250000    1000000    8   0.018467  54.150647


     1000000    4000000    1   0.293010  13.651411
     1000000    4000000    2   0.169881  23.545894
     1000000    4000000    4   0.168075  23.798899
     1000000    4000000    6   0.162422  24.627206
     1000000    4000000    8   0.115952  34.497033


     4000000   16000000    1   1.766074   9.059643
     4000000   16000000    2   0.978185  16.356824
     4000000   16000000    4   0.896428  17.848617
     4000000   16000000    6   0.845620  18.921028
     4000000   16000000    8   0.730331  21.907875


     9000000   36000000    1   4.416600   8.151066
     9000000   36000000    2   2.436275  14.776657
     9000000   36000000    4   2.557866  14.074232
     9000000   36000000    6   2.294634  15.688777
     9000000   36000000    8   2.275300  15.822089

#   VERTICES      EDGES PROC Time(Secs) MEDGES/Sec [Run: 3]


      250000    1000000    1   0.059157  16.904170
      250000    1000000    2   0.038028  26.296413
      250000    1000000    4   0.032746  30.538081
      250000    1000000    6   0.025053  39.915379
      250000    1000000    8   0.018506  54.036529


     1000000    4000000    1   0.290328  13.777521
     1000000    4000000    2   0.186174  21.485277
     1000000    4000000    4   0.179994  22.222963
     1000000    4000000    6   0.148411  26.952180
     1000000    4000000    8   0.117006  34.186281


     4000000   16000000    1   1.592233  10.048781
     4000000   16000000    2   0.991036  16.144721
     4000000   16000000    4   0.955934  16.737557
     4000000   16000000    6   0.877779  18.227823
     4000000   16000000    8   0.759484  21.066935


     9000000   36000000    1   4.765355   7.554526
     9000000   36000000    2   2.466970  14.592800
     9000000   36000000    4   2.520056  14.285397
     9000000   36000000    6   2.505639  14.367592
     9000000   36000000    8   2.270445  15.855923


############################################################
# End Time: 02/17/2008 - 04:54:41
############################################################
