XWS
############################################################
# Benchmark Host: altair
# Number Of Processors: 8
#
# Number Of Scheduled Runs: 1
# Start Time: 01/16/2008 - 02:05:25
############################################################
############################################################
# Benchmark Host: altair
# Number Of Processors: 8
#
# Number Of Scheduled Runs: 1
# Start Time: 01/16/2008 - 02:05:25
############################################################
# =================================================================
#   VERTICES      EDGES PROC  TIME(Sec)       EDGES/Sec [Run: 1]
# =================================================================
      100000     300000    1   0.066754      4494131.36
      100000     300000    2   0.056106      5346990.55
      100000     300000    4   0.049860      6016891.82
      100000     300000    8   0.023812     12598598.20
     1000000    3000000    1   0.831962      3605932.48
     1000000    3000000    2   0.501228      5985305.82
     1000000    3000000    4   0.304136      9864002.82
     1000000    3000000    8   0.223363     13431070.88
     5000000   15000000    1   4.781483      3137102.34
     5000000   15000000    2   2.264783      6623151.82
     5000000   15000000    4   1.257823     11925366.65
     5000000   15000000    8   0.929078     16145046.46
    10000000   30000000    1   9.562672      3137198.62
    10000000   30000000    2   5.037215      5955672.18
    10000000   30000000    4   2.615809     11468727.36
    10000000   30000000    8   1.773987     16911064.29

      100000     400000    1   0.071290      5610915.42
      100000     400000    2   0.056168      7121440.17
      100000     400000    4   0.035009     11425696.72
      100000     400000    8   0.023563     16975884.53
     1000000    4000000    1   0.832418      4805276.51
     1000000    4000000    2   0.453518      8819929.72
     1000000    4000000    4   0.279478     14312395.61
     1000000    4000000    8   0.216544     18471974.87
     5000000   20000000    1   4.359419      4587767.04
     5000000   20000000    2   2.430972      8227160.22
     5000000   20000000    4   1.246895     16039838.54
     5000000   20000000    8   0.846220     23634511.10
    10000000   40000000    1   9.968945      4012460.78
    10000000   40000000    2   4.838647      8266774.30
    10000000   40000000    4   2.634519     15183036.13
    10000000   40000000    8   1.758460     22747181.72

Cilk
############################################################
# Benchmark Host: altair
# Number Of Processors: 8
#
# Number Of Scheduled Runs: 3
# Start Time: 01/11/2008 - 04:44:58
############################################################


#    VERTICS      EDGES PARTS PROCS  TIME(Sec)       EDGES/Sec [Run: 1]

      100000     300000    64     1   0.022283     13463178.21
      100000     300000    64     2   0.024628     12181257.11
      100000     300000    64     4   0.027057     11087703.74
      100000     300000    64     8   0.022765     13178124.31
     1000000    3000000    64     1   0.328494      9132586.90
     1000000    3000000    64     2   0.198366     15123559.48
     1000000    3000000    64     4   0.204080     14700117.60
     1000000    3000000    64     8   0.252647     11874275.17
     5000000   15000000    64     1   2.366985      6337175.77
     5000000   15000000    64     2   1.518571      9877707.40
     5000000   15000000    64     4   1.043799     14370582.84
     5000000   15000000    64     8   1.031934     14535813.34
    10000000   30000000    64     1   5.722337      5242613.29
    10000000   30000000    64     2   3.582421      8374225.14
    10000000   30000000    64     4   2.274145     13191770.97
    10000000   30000000    64     8   2.181204     13753871.71
      100000     400000    64     1   0.023597     16951307.37
      100000     400000    64     2   0.023888     16744809.11
      100000     400000    64     4   0.028508     14031149.15
      100000     400000    64     8   0.023612     16940538.71
     1000000    4000000    64     1   0.353847     11304320.79
     1000000    4000000    64     2   0.242054     16525238.17
     1000000    4000000    64     4   0.218275     18325506.81
     1000000    4000000    64     8   0.218651     18293993.62
     5000000   20000000    64     1   2.600793      7689962.25
     5000000   20000000    64     2   1.510629     13239518.11
     5000000   20000000    64     4   1.107328     18061495.78
     5000000   20000000    64     8   1.079943     18519495.94
    10000000   40000000    64     1   6.169248      6483772.41
    10000000   40000000    64     2   3.518249     11369291.94
    10000000   40000000    64     4   2.406362     16622602.92
    10000000   40000000    64     8   2.313908     17286771.99
      100000     300000   128     1   0.022700     13215859.03
      100000     300000   128     2   0.023271     12891581.80
      100000     300000   128     4   0.023604     12709710.22
      100000     300000   128     8   0.027603     10868383.87
     1000000    3000000   128     1   0.309435      9695089.44
     1000000    3000000   128     2   0.222060     13509862.20
     1000000    3000000   128     4   0.205358     14608634.68
     1000000    3000000   128     8   0.291133     10304568.70
     5000000   15000000   128     1   2.437603      6153586.13
     5000000   15000000   128     2   1.436058     10445260.57
     5000000   15000000   128     4   1.019322     14715663.94
     5000000   15000000   128     8   1.046435     14334382.93
    10000000   30000000   128     1   5.625375      5332977.80
    10000000   30000000   128     2   3.248137      9236063.63
    10000000   30000000   128     4   2.619027     11454635.63
    10000000   30000000   128     8   2.182148     13747921.77
      100000     400000   128     1   0.023881     16749717.35
      100000     400000   128     2   0.023262     17195426.02
      100000     400000   128     4   0.025064     15959144.59
      100000     400000   128     8   0.023927     16717515.78
     1000000    4000000   128     1   0.371223     10775194.42
     1000000    4000000   128     2   0.243042     16458060.75
     1000000    4000000   128     4   0.230648     17342443.90
     1000000    4000000   128     8   0.233524     17128860.42
     5000000   20000000   128     1   2.625662      7617126.65
     5000000   20000000   128     2   1.537025     13012150.10
     5000000   20000000   128     4   1.126347     17756517.31
     5000000   20000000   128     8   1.086711     18404157.13
    10000000   40000000   128     1   6.075710      6583592.70
    10000000   40000000   128     2   3.828942     10446750.04
    10000000   40000000   128     4   2.379114     16812981.64
    10000000   40000000   128     8   2.261868     17684497.95


#    VERTICS      EDGES PARTS PROCS  TIME(Sec)       EDGES/Sec [Run: 2]

      100000     300000    64     1   0.022646     13247372.60
      100000     300000    64     2   0.021622     13874757.19
      100000     300000    64     4   0.025309     11853490.85
      100000     300000    64     8   0.022499     13333925.95
     1000000    3000000    64     1   0.327808      9151698.56
     1000000    3000000    64     2   0.218832     13709146.74
     1000000    3000000    64     4   0.211153     14207707.21
     1000000    3000000    64     8   0.273444     10971167.77
     5000000   15000000    64     1   2.366985      6337175.77
     5000000   15000000    64     2   1.518571      9877707.40
     5000000   15000000    64     4   1.043799     14370582.84
     5000000   15000000    64     8   1.031934     14535813.34
    10000000   30000000    64     1   5.721371      5243498.46
    10000000   30000000    64     2   3.332553      9002107.39
    10000000   30000000    64     4   2.251049     13327119.93
    10000000   30000000    64     8   2.157032     13907999.51
      100000     400000    64     1   0.023741     16848489.95
      100000     400000    64     2   0.022545     17742293.19
      100000     400000    64     4   0.021573     18541695.64
      100000     400000    64     8   0.024082     16609916.12
     1000000    4000000    64     1   0.355060     11265701.57
     1000000    4000000    64     2   0.223501     17897011.65
     1000000    4000000    64     4   0.241095     16590970.36
     1000000    4000000    64     8   0.231568     17273543.84
     5000000   20000000    64     1   2.600793      7689962.25
     5000000   20000000    64     2   1.510629     13239518.11
     5000000   20000000    64     4   1.107328     18061495.78
     5000000   20000000    64     8   1.079943     18519495.94
    10000000   40000000    64     1   6.068413      6591509.18
    10000000   40000000    64     2   3.856124     10373110.41
    10000000   40000000    64     4   2.391985     16722512.89
    10000000   40000000    64     8   2.354695     16987338.06
      100000     300000   128     1   0.022894     13103870.01
      100000     300000   128     2   0.021321     14070634.59
      100000     300000   128     4   0.025221     11894849.53
      100000     300000   128     8   0.022777     13171181.45
     1000000    3000000   128     1   0.308857      9713232.98
     1000000    3000000   128     2   0.222702     13470916.29
     1000000    3000000   128     4   0.211860     14160294.53
     1000000    3000000   128     8   0.266528     11255853.04
     5000000   15000000   128     1   2.437603      6153586.13
     5000000   15000000   128     2   1.436058     10445260.57
     5000000   15000000   128     4   1.019322     14715663.94
     5000000   15000000   128     8   1.046435     14334382.93
    10000000   30000000   128     1   5.908890      5077095.70
    10000000   30000000   128     2   3.562317      8421485.23
    10000000   30000000   128     4   2.242391     13378576.71
    10000000   30000000   128     8   2.173980     13799574.97
      100000     400000   128     1   0.024208     16523463.32
      100000     400000   128     2   0.021644     18480872.30
      100000     400000   128     4   0.025037     15976354.99
      100000     400000   128     8   0.025582     15635994.06
     1000000    4000000   128     1   0.356099     11232831.32
     1000000    4000000   128     2   0.221455     18062360.30
     1000000    4000000   128     4   0.243339     16437973.36
     1000000    4000000   128     8   0.255434     15659622.45
     5000000   20000000   128     1   2.625662      7617126.65
     5000000   20000000   128     2   1.537025     13012150.10
     5000000   20000000   128     4   1.126347     17756517.31
     5000000   20000000   128     8   1.086711     18404157.13
    10000000   40000000   128     1   6.243080      6407093.93
    10000000   40000000   128     2   3.821413     10467332.37
    10000000   40000000   128     4   2.354707     16987251.49
    10000000   40000000   128     8   2.316435     17267913.84


#    VERTICS      EDGES PARTS PROCS  TIME(Sec)       EDGES/Sec [Run: 3]

      100000     300000    64     1   0.022623     13260840.74
      100000     300000    64     2   0.023036     13023094.29
      100000     300000    64     4   0.026932     11139165.31
      100000     300000    64     8   0.022647     13246787.65
     1000000    3000000    64     1   0.309480      9693679.72
     1000000    3000000    64     2   0.205613     14590517.14
     1000000    3000000    64     4   0.247309     12130573.49
     1000000    3000000    64     8   0.254986     11765351.82
     5000000   15000000    64     1   2.400976      6247459.37
     5000000   15000000    64     2   1.521209      9860578.00
     5000000   15000000    64     4   1.122014     13368817.14
     5000000   15000000    64     8   1.066335     14066873.92
    10000000   30000000    64     1   5.638258      5320792.34
    10000000   30000000    64     2   3.287623      9125133.87
    10000000   30000000    64     4   2.239957     13393114.24
    10000000   30000000    64     8   2.232915     13435352.44
      100000     400000    64     1   0.023569     16971445.54
      100000     400000    64     2   0.024563     16284655.78
      100000     400000    64     4   0.028527     14021803.91
      100000     400000    64     8   0.025941     15419606.03
     1000000    4000000    64     1   0.358144     11168691.92
     1000000    4000000    64     2   0.231479     17280185.24
     1000000    4000000    64     4   0.204501     19559806.55
     1000000    4000000    64     8   0.230180     17377704.41
     5000000   20000000    64     1   2.649822      7547676.79
     5000000   20000000    64     2   1.646845     12144433.75
     5000000   20000000    64     4   1.110947     18002658.99
     5000000   20000000    64     8   1.119489     17865293.90
    10000000   40000000    64     1   6.120350      6535573.95
    10000000   40000000    64     2   3.882015     10303927.21
    10000000   40000000    64     4   2.347070     17042525.36
    10000000   40000000    64     8   2.268970     17629144.50
      100000     300000   128     1   0.023062     13008412.11
      100000     300000   128     2   0.023664     12677484.79
      100000     300000   128     4   0.026514     11314777.10
      100000     300000   128     8   0.023189     12937168.49
     1000000    3000000   128     1   0.307606      9752735.64
     1000000    3000000   128     2   0.216015     13887924.45
     1000000    3000000   128     4   0.217130     13816607.56
     1000000    3000000   128     8   0.232747     12889532.41
     5000000   15000000   128     1   2.390816      6274008.54
     5000000   15000000   128     2   1.412818     10617078.77
     5000000   15000000   128     4   1.012464     14815341.58
     5000000   15000000   128     8   1.067759     14048113.85
    10000000   30000000   128     1   5.622878      5335346.06
    10000000   30000000   128     2   3.307931      9069112.99
    10000000   30000000   128     4   2.236222     13415483.79
    10000000   30000000   128     8   2.178458     13771208.81
      100000     400000   128     1   0.024169     16550126.19
      100000     400000   128     2   0.022618     17685029.62
      100000     400000   128     4   0.024026     16648630.65
      100000     400000   128     8   0.023914     16726603.66
     1000000    4000000   128     1   0.362854     11023717.53
     1000000    4000000   128     2   0.225175     17763961.36
     1000000    4000000   128     4   0.205558     19459228.05
     1000000    4000000   128     8   0.290595     13764861.75
     5000000   20000000   128     1   2.605958      7674720.77
     5000000   20000000   128     2   1.504456     13293841.76
     5000000   20000000   128     4   1.115670     17926447.78
     5000000   20000000   128     8   1.170586     17085459.76
    10000000   40000000   128     1   6.120788      6535106.26
    10000000   40000000   128     2   3.544006     11286662.61
    10000000   40000000   128     4   2.395361     16698944.33
    10000000   40000000   128     8   2.323842     17212874.20



C
############################################################
# Benchmark Host: altair
# Number Of Processors: 8
#
# Number Of Scheduled Runs: 3
# Start Time: 01/14/2008 - 02:50:04
############################################################

# ===========================================================================
# [Run: 1] (Timings[COLS 4/8]: Seconds)
#   VERTICES      EDGES PROC     BFS[KGraph]       EDGES/Sec
# ===========================================================================

      100000     300000    1        0.030057      9981036.03
      100000     300000    2        0.018704     16039349.87
      100000     300000    4        0.010296     29137529.14
      100000     300000    8        0.008765     34227039.36
     1000000    3000000    1        0.464977      6451932.03
     1000000    3000000    2        0.256449     11698232.40
     1000000    3000000    4        0.137739     21780323.66
     1000000    3000000    8        0.154727     19388988.35
     5000000   15000000    1        3.175070      4724305.29
     5000000   15000000    2        2.045082      7334669.22
     5000000   15000000    4        1.228116     12213829.96
     5000000   15000000    8        0.925725     16203516.16
    10000000   30000000    1        9.003110      3332181.88
    10000000   30000000    2        4.291217      6991023.76
    10000000   30000000    4        3.016826      9944226.15
    10000000   30000000    8        1.865708     16079686.64
      100000     400000    1        0.026878     14882059.68
      100000     400000    2        0.019380     20639834.88
      100000     400000    4        0.013698     29201343.26
      100000     400000    8        0.010138     39455513.91
     1000000    4000000    1        0.431325      9273749.49
     1000000    4000000    2        0.270429     14791313.06
     1000000    4000000    4        0.226639     17649213.07
     1000000    4000000    8        0.114042     35074797.00
     5000000   20000000    1        3.348758      5972363.49
     5000000   20000000    2        1.986825     10066311.83
     5000000   20000000    4        1.430781     13978379.64
     5000000   20000000    8        1.373219     14564319.31
    10000000   40000000    1        9.598891      4167148.06
    10000000   40000000    2        5.268320      7592553.22
    10000000   40000000    4        3.236781     12357956.87
    10000000   40000000    8        2.887527     13852684.32

# ===========================================================================
# [Run: 2] (Timings[COLS 4/8]: Seconds)
#   VERTICES      EDGES PROC     BFS[KGraph]       EDGES/Sec
# ===========================================================================

      100000     300000    1        0.031174      9623404.12
      100000     300000    2        0.017324     17317016.86
      100000     300000    4        0.010252     29262582.91
      100000     300000    8        0.008821     34009749.46
     1000000    3000000    1        0.383950      7813517.39
     1000000    3000000    2        0.258983     11583771.91
     1000000    3000000    4        0.162314     18482694.04
     1000000    3000000    8        0.143733     20872033.56
     5000000   15000000    1        3.175070      4724305.29
     5000000   15000000    2        2.045082      7334669.22
     5000000   15000000    4        1.228116     12213829.96
     5000000   15000000    8        0.925725     16203516.16
    10000000   30000000    1        7.853378      3820012.23
    10000000   30000000    2        4.663284      6433234.60
    10000000   30000000    4        3.031496      9896104.10
    10000000   30000000    8        1.631115     18392326.72
      100000     400000    1        0.032819     12188061.79
      100000     400000    2        0.019881     20119712.29
      100000     400000    4        0.013399     29852974.10
      100000     400000    8        0.010828     36941263.39
     1000000    4000000    1        0.429082      9322227.45
     1000000    4000000    2        0.277025     14439130.04
     1000000    4000000    4        0.217876     18359066.63
     1000000    4000000    8        0.203005     19703948.18
     5000000   20000000    1        3.348758      5972363.49
     5000000   20000000    2        1.986825     10066311.83
     5000000   20000000    4        1.430781     13978379.64
     5000000   20000000    8        1.373219     14564319.31
    10000000   40000000    1        9.010922      4439057.40
    10000000   40000000    2        5.415674      7385968.95
    10000000   40000000    4        3.450999     11590846.59
    10000000   40000000    8        2.914837     13722894.28

# ===========================================================================
# [Run: 3] (Timings[COLS 4/8]: Seconds)
#   VERTICES      EDGES PROC     BFS[KGraph]       EDGES/Sec
# ===========================================================================

      100000     300000    1        0.025266     11873664.21
      100000     300000    2        0.016354     18344135.99
      100000     300000    4        0.012022     24954250.54
      100000     300000    8        0.008417     35642152.79
     1000000    3000000    1        0.453698      6612328.02
     1000000    3000000    2        0.253661     11826808.22
     1000000    3000000    4        0.216904     13831003.58
     1000000    3000000    8        0.148338     20224082.84
     5000000   15000000    1        3.195399      4694249.45
     5000000   15000000    2        2.047701      7325288.21
     5000000   15000000    4        1.259328     11911114.50
     5000000   15000000    8        0.941112     15938591.79
    10000000   30000000    1        9.036716      3319790.07
    10000000   30000000    2        4.633731      6474264.47
    10000000   30000000    4        2.635935     11381160.76
    10000000   30000000    8        1.933555     15515462.45
      100000     400000    1        0.027301     14651477.97
      100000     400000    2        0.018906     21157304.56
      100000     400000    4        0.013598     29416090.60
      100000     400000    8        0.010495     38113387.33
     1000000    4000000    1        0.419757      9529322.92
     1000000    4000000    2        0.273585     14620684.61
     1000000    4000000    4        0.221029     18097172.77
     1000000    4000000    8        0.210549     18997952.97
     5000000   20000000    1        3.318448      6026913.79
     5000000   20000000    2        2.273602      8796614.36
     5000000   20000000    4        1.425985     14025392.97
     5000000   20000000    8        1.382294     14468702.03
    10000000   40000000    1        9.533991      4195514.76
    10000000   40000000    2        5.097937      7846311.16
    10000000   40000000    4        3.098694     12908664.10
    10000000   40000000    8        1.768225     22621555.51



